±$GNRMC,123703.00,A,3252.78458,N,03516.18925,E,0.200,,070226,,,D*6A	1770467838.434525
$GNVTG,,T,,M,0.200,N,0.371,K,D*3F	1770467838.434697
$GNGGA,123703.00,3252.78458,N,03516.18925,E,2,12,0.76,258.6,M,18.9,M,,0000*48	1770467838.538435
$GNGSA,A,3,18,25,28,29,12,05,21,11,31,26,,,1.35,0.76,1.11*17	1770467838.642340
$GNGSA,A,3,73,84,83,74,85,,,,,,,,1.35,0.76,1.11*16	1770467838.642431
$GPGSV,4,1,15,05,37,093,37,11,15,042,35,12,34,125,34,18,42,222,37*7F	1770467838.746444
$GPGSV,4,2,15,21,22,062,26,23,01,184,,25,76,120,39,26,10,315,32*79	1770467838.850353
$GPGSV,4,3,15,28,35,280,41,29,61,347,34,31,19,309,31,36,50,201,37*77	1770467838.850403
$GPGSV,4,4,15,40,45,147,,41,27,116,,49,40,227,42*44	1770467838.954410
$GLGSV,2,1,08,67,00,044,,73,69,166,36,74,57,325,17,75,06,330,29*6C	1770467838.954463
$GLGSV,2,2,08,80,14,152,18,83,40,026,33,84,66,287,35,85,24,241,38*64	1770467839.058410
$GNGLL,3252.78458,N,03516.18925,E,123703.00,A,D*70	1770467839.162374
$GNRMC,123704.00,A,3252.78473,N,03516.18936,E,0.634,49.16,070226,,,D*41	1770467839.370356
$GNVTG,49.16,T,,M,0.634,N,1.174,K,D*1E	1770467839.474411
$GNGGA,123704.00,3252.78473,N,03516.18936,E,2,12,0.76,258.7,M,18.9,M,,0000*45	1770467839.578405
$GNGSA,A,3,18,25,28,29,12,05,21,11,31,26,,,1.35,0.76,1.11*17	1770467839.578456
$GNGSA,A,3,73,84,83,74,85,,,,,,,,1.35,0.76,1.11*16	1770467839.682346
$GPGSV,4,1,15,05,37,093,44,11,15,042,27,12,34,125,31,18,42,222,35*7F	1770467839.682432
$GPGSV,4,2,15,21,22,062,38,23,01,184,,25,76,120,41,26,10,315,32*79	1770467839.786352
$GPGSV,4,3,15,28,35,280,40,29,61,347,31,31,19,309,31,36,50,201,40*73	1770467839.890418
$GPGSV,4,4,15,40,45,147,,41,27,116,,49,40,227,35*44	1770467839.890510
$GLGSV,2,1,08,67,00,044,,73,69,166,36,74,57,325,21,75,06,330,21*61	1770467839.994425
$GLGSV,2,2,08,80,14,152,20,83,40,026,31,84,66,287,40,85,24,241,40*60	1770467840.098394
$GNGLL,3252.78473,N,03516.18936,E,123704.00,A,D*7C	1770467840.098450
$GNRMC,123705.00,A,3252.78508,N,03516.18912,E,1.794,332.00,070226,,,D*79	1770467840.410331
$GNVTG,332.00,T,,M,1.794,N,3.322,K,D*2F	1770467840.514342
$GNGGA,123705.00,3252.78508,N,03516.18912,E,2,12,0.76,258.8,M,18.9,M,,0000*40	1770467840.514393
$GNGSA,A,3,18,25,28,29,12,05,21,11,31,26,,,1.35,0.76,1.11*17	1770467840.618383
$GNGSA,A,3,73,84,83,74,85,,,,,,,,1.35,0.76,1.11*16	1770467840.722322
$GPGSV,4,1,15,05,37,093,45,11,15,042,32,12,34,125,41,18,42,222,31*79	1770467840.722373
$GPGSV,4,2,15,21,22,062,40,23,01,184,,25,76,120,40,26,10,315,28*7C	1770467840.826372
$GPGSV,4,3,15,28,35,280,28,29,61,347,41,31,19,309,36,36,50,201,34*7E	1770467840.930359
$GPGSV,4,4,15,40,45,147,,41,27,116,,49,40,227,35*44	1770467840.930412
$GLGSV,2,1,08,67,00,044,,73,69,166,32,74,57,325,30,75,06,330,21*65	1770467841.034431
$GLGSV,2,2,08,80,13,152,23,83,40,026,37,84,66,287,38,85,24,241,34*6E	1770467841.138360
$GNGLL,3252.78508,N,03516.18912,E,123705.00,A,D*76	1770467841.138446
$GNRMC,123706.00,A,3252.78549,N,03516.18847,E,2.934,309.48,070226,,,D*7D	1770467841.450354
$GNVTG,309.48,T,,M,2.934,N,5.434,K,D*2A	1770467841.450405
$GNGGA,123706.00,3252.78549,N,03516.18847,E,2,12,0.76,259.0,M,18.9,M,,0000*4E	1770467841.554371
$GNGSA,A,3,18,25,28,29,12,05,21,11,31,26,,,1.35,0.76,1.12*14	1770467841.658407
$GNGSA,A,3,73,84,83,74,85,,,,,,,,1.35,0.76,1.12*15	1770467841.658459
$GPGSV,4,1,15,05,37,093,44,11,15,042,40,12,34,125,43,18,42,222,28*77	1770467841.762347
$GPGSV,4,2,15,21,22,062,45,23,01,184,,25,76,120,35,26,10,315,32*70	1770467841.866356
$GPGSV,4,3,15,28,35,280,32,29,61,347,41,31,19,309,37,36,50,201,32*72	1770467841.866410
$GPGSV,4,4,15,40,45,147,,41,27,116,,49,40,227,30*41	1770467841.970435
$GLGSV,2,1,08,67,00,044,,73,69,166,31,74,57,325,34,75,06,330,22*61	1770467841.970527
$GLGSV,2,2,08,80,13,152,25,83,40,026,37,84,66,287,36,85,24,241,23*60	1770467842.074390
$GNGLL,3252.78549,N,03516.18847,E,123706.00,A,D*71	1770467842.178375
$GNRMC,123707.00,A,3252.78584,N,03516.18757,E,3.244,298.37,070226,,,D*7F	1770467842.386438
$GNVTG,298.37,T,,M,3.244,N,6.008,K,D*2E	1770467842.490372
$GNGGA,123707.00,3252.78584,N,03516.18757,E,2,12,0.78,259.0,M,18.9,M,,0000*4E	1770467842.594393
$GNGSA,A,3,18,25,28,29,12,05,21,11,31,26,,,1.39,0.78,1.15*11	1770467842.594447
$GNGSA,A,3,73,84,83,74,85,,,,,,,,1.39,0.78,1.15*10	1770467842.698400
$GPGSV,4,1,15,05,37,093,43,11,15,042,39,12,34,125,41,18,42,222,27*73	1770467842.802696
$GPGSV,4,2,15,21,22,062,46,23,01,184,,25,76,120,36,26,10,315,32*70	1770467842.802750
$GPGSV,4,3,15,28,35,280,35,29,61,347,41,31,19,309,39,36,50,201,30*79	1770467842.906407
$GPGSV,4,4,15,40,45,147,,41,27,116,,49,40,227,*42	1770467842.906459
$GLGSV,2,1,08,67,00,044,,73,69,166,31,74,57,325,34,75,06,330,25*66	1770467843.010502
$GLGSV,2,2,08,80,13,152,31,83,40,026,39,84,66,287,40,85,24,241,25*6C	1770467843.114318
$GNGLL,3252.78584,N,03516.18757,E,123707.00,A,D*7F	1770467843.114373
$GNRMC,123708.00,A,3252.78614,N,03516.18668,E,2.963,291.19,070226,,,D*7D	1770467843.426468
$GNVTG,291.19,T,,M,2.963,N,5.487,K,D*24	1770467843.426524
$GNGGA,123708.00,3252.78614,N,03516.18668,E,2,12,0.76,259.4,M,18.9,M,,0000*4C	1770467843.530332
$GNGSA,A,3,18,25,28,29,12,05,21,11,31,26,,,1.35,0.76,1.12*14	1770467843.634479
$GNGSA,A,3,73,84,83,74,85,,,,,,,,1.35,0.76,1.12*15	1770467843.634530
$GPGSV,4,1,15,05,37,093,43,11,15,042,40,12,34,125,43,18,42,222,27*7F	1770467843.738668
$GPGSV,4,2,15,21,22,062,44,23,01,184,,25,76,120,35,26,10,315,31*72	1770467843.842411
$GPGSV,4,3,15,28,35,280,37,29,61,347,41,31,19,309,34,36,50,201,29*7E	1770467843.842464
$GPGSV,4,4,15,40,45,147,,41,27,116,,49,40,227,*42	1770467843.946344
$GLGSV,2,1,08,67,00,044,,73,69,166,31,74,57,325,33,75,06,330,31*64	1770467844.050344
$GLGSV,2,2,08,80,13,152,24,83,39,026,36,84,66,287,38,85,24,241,26*65	1770467844.050395
$GNGLL,3252.78614,N,03516.18668,E,123708.00,A,D*77	1770467844.154360
$GNRMC,123709.00,A,3252.78631,N,03516.18579,E,2.775,286.17,070226,,,D*79	1770467844.466342
$GNVTG,286.17,T,,M,2.775,N,5.140,K,D*2B	1770467844.466393
$GNGGA,123709.00,3252.78631,N,03516.18579,E,2,12,0.76,259.5,M,18.9,M,,0000*48	1770467844.570329
$GNGSA,A,3,18,25,28,29,12,05,21,11,31,26,,,1.35,0.76,1.12*14	1770467844.570421
$GNGSA,A,3,73,84,83,74,85,,,,,,,,1.35,0.76,1.12*15	1770467844.674435
$GPGSV,4,1,15,05,37,093,44,11,15,042,32,12,34,125,42,18,42,222,28*73	1770467844.778378
$GPGSV,4,2,15,21,22,062,41,23,01,184,,25,76,120,32,26,10,315,28*78	1770467844.778430
$GPGSV,4,3,15,28,35,280,37,29,61,347,43,31,19,309,31,36,50,201,31*70	1770467844.882334
$GPGSV,4,4,15,40,45,147,,41,27,116,,49,40,227,*42	1770467844.987865
$GLGSV,2,1,08,67,00,044,,73,69,166,31,74,57,325,29,75,06,330,31*6F	1770467844.988486
$GLGSV,2,2,08,80,13,152,25,83,39,026,34,84,66,289,38,85,24,241,26*68	1770467845.090336
$GNGLL,3252.78631,N,03516.18579,E,123709.00,A,D*72	1770467845.194330
$GNRMC,123710.00,A,3252.78654,N,03516.18508,E,2.320,286.00,070226,,,D*76	1770467845.402322
$GNVTG,286.00,T,,M,2.320,N,4.296,K,D*20	1770467845.506419
$GNGGA,123710.00,3252.78654,N,03516.18508,E,2,12,0.76,260.2,M,18.9,M,,0000*48	1770467845.610415
$GNGSA,A,3,18,25,28,29,12,05,21,11,31,26,,,1.35,0.76,1.12*14	1770467845.610465
$GNGSA,A,3,73,84,83,74,85,,,,,,,,1.35,0.76,1.12*15	1770467845.714352
$GPGSV,4,1,15,05,37,093,42,11,15,042,38,12,34,125,38,18,42,222,27*7D	1770467845.714407
$GPGSV,4,2,15,21,22,062,42,23,01,184,,25,76,120,34,26,10,315,27*72	1770467845.818395
$GPGSV,4,3,15,28,35,280,34,29,61,347,43,31,19,309,31,36,50,201,31*73	1770467845.922369
$GPGSV,4,4,15,40,45,147,,41,27,116,,49,40,227,*42	1770467845.922422
$GLGSV,2,1,08,67,00,044,,73,69,166,34,74,57,325,33,75,06,330,30*60	1770467846.026474
$GLGSV,2,2,08,80,13,152,25,83,39,026,40,84,66,289,40,85,25,241,27*64	1770467846.130321
$GNGLL,3252.78654,N,03516.18508,E,123710.00,A,D*7F	1770467846.130410
$GNRMC,123711.00,A,3252.78673,N,03516.18428,E,2.704,283.05,070226,,,D*73	1770467846.442363
$GNVTG,283.05,T,,M,2.704,N,5.009,K,D*27	1770467846.442455
$GNGGA,123711.00,3252.78673,N,03516.18428,E,2,12,0.76,260.6,M,18.9,M,,0000*4B	1770467846.546414
$GNGSA,A,3,18,25,28,29,12,05,21,11,31,26,,,1.35,0.76,1.12*14	1770467846.650326
$GNGSA,A,3,73,84,83,74,85,,,,,,,,1.35,0.76,1.12*15	1770467846.650376
$GPGSV,4,1,16,05,37,093,43,11,15,042,42,12,34,125,38,18,42,222,33*77	1770467846.754417
$GPGSV,4,2,16,21,22,062,42,23,01,184,,25,76,120,38,26,10,315,25*7F	1770467846.858462
$GPGSV,4,3,16,28,35,280,34,29,61,347,43,31,19,309,35,36,50,201,*76	1770467846.858743
$GPGSV,4,4,16,40,45,147,,41,27,116,,42,,,42,49,40,227,*41	1770467846.962347
$GLGSV,2,1,08,67,00,044,,73,69,166,34,74,57,325,32,75,06,330,24*64	1770467847.066338
$GLGSV,2,2,08,80,13,152,24,83,39,026,41,84,66,289,38,85,25,241,27*6B	1770467847.066392
$GNGLL,3252.78673,N,03516.18428,E,123711.00,A,D*78	1770467847.170356
$GNRMC,123712.00,A,3252.78688,N,03516.18353,E,2.391,280.56,070226,,,D*72	1770467847.482395
$GNVTG,280.56,T,,M,2.391,N,4.429,K,D*2D	1770467847.482451
$GNGGA,123712.00,3252.78688,N,03516.18353,E,2,12,0.76,261.0,M,18.9,M,,0000*40	1770467847.586378
$GNGSA,A,3,18,25,28,29,12,05,21,11,31,26,,,1.35,0.76,1.12*14	1770467847.586432
$GNGSA,A,3,73,84,83,74,85,,,,,,,,1.35,0.76,1.12*15	1770467847.690336
$GPGSV,4,1,16,05,37,093,44,11,15,042,34,12,34,125,40,18,42,222,28*74	1770467847.794382
$GPGSV,4,2,16,21,22,062,41,23,01,184,,25,76,120,37,26,10,315,26*70	1770467847.794436
$GPGSV,4,3,16,28,35,280,33,29,61,347,43,31,19,309,35,36,50,201,*71	1770467847.898395
$GPGSV,4,4,16,40,45,147,,41,27,116,,42,,,42,49,40,227,*41	1770467848.006076
$GLGSV,2,1,08,67,00,044,,73,69,166,31,74,57,325,28,75,06,330,24*6A	1770467848.006128
$GLGSV,2,2,08,80,13,152,23,83,39,026,39,84,66,289,40,85,25,241,27*6C	1770467848.110008
$GNGLL,3252.78688,N,03516.18353,E,123712.00,A,D*74	1770467848.110057
$GNRMC,123713.00,A,3252.78692,N,03516.18300,E,1.500,275.45,070226,,,D*7B	1770467848.421996
$GNVTG,275.45,T,,M,1.500,N,2.778,K,D*29	1770467848.525955
$GNGGA,123713.00,3252.78692,N,03516.18300,E,2,12,0.76,261.3,M,18.9,M,,0000*4F	1770467848.526008
$GNGSA,A,3,18,25,28,29,12,05,21,11,31,26,,,1.35,0.76,1.12*14	1770467848.630010
$GNGSA,A,3,73,84,83,74,85,,,,,,,,1.35,0.76,1.12*15	1770467848.630064
$GPGSV,4,1,16,05,37,093,43,11,15,042,40,12,34,125,36,18,42,222,32*7A	1770467848.733931
$GPGSV,4,2,16,21,22,062,40,23,01,184,,25,76,120,37,26,10,315,26*71	1770467848.838211
$GPGSV,4,3,16,28,35,280,30,29,61,347,41,31,19,309,31,36,50,201,*74	1770467848.942084
$GPGSV,4,4,16,40,45,147,,41,27,116,,42,,,35,49,40,227,*41	1770467848.942133
$GLGSV,2,1,08,67,00,044,,73,69,166,32,74,57,325,28,75,06,330,25*68	1770467849.046000
$GLGSV,2,2,08,80,13,152,24,83,39,026,39,84,66,289,41,85,25,241,26*6B	1770467849.046053
$GNGLL,3252.78692,N,03516.18300,E,123713.00,A,D*78	1770467849.149947
$GNRMC,123714.00,A,3252.78694,N,03516.18238,E,2.158,272.20,070226,,,D*7E	1770467849.462006
$GNVTG,272.20,T,,M,2.158,N,3.997,K,D*29	1770467849.462102
$GNGGA,123714.00,3252.78694,N,03516.18238,E,2,12,0.76,261.6,M,18.9,M,,0000*41	1770467849.565917
$GNGSA,A,3,18,25,28,29,12,05,21,11,31,26,,,1.35,0.76,1.12*14	1770467849.669963
$GNGSA,A,3,73,84,83,74,85,,,,,,,,1.35,0.76,1.12*15	1770467849.670016
$GPGSV,4,1,16,05,37,093,46,11,15,042,42,12,34,125,33,18,42,222,33*79	1770467849.773916
$GPGSV,4,2,16,21,22,062,43,23,01,184,,25,76,120,36,26,10,315,26*73	1770467849.774008
$GPGSV,4,3,16,28,35,280,31,29,61,347,39,31,19,309,32,36,50,201,*79	1770467849.877937
$GPGSV,4,4,16,40,45,147,,41,27,116,,42,,,38,49,40,227,*4C	1770467849.983482
$GLGSV,2,1,08,67,00,044,,73,69,166,28,74,57,325,32,75,06,330,25*68	1770467849.983575
$GLGSV,2,2,08,80,13,152,25,83,39,026,39,84,66,289,36,85,25,241,26*6A	1770467850.085917
$GNGLL,3252.78694,N,03516.18238,E,123714.00,A,D*73	1770467850.189901
$GNRMC,123715.00,A,3252.78702,N,03516.18173,E,2.243,275.34,070226,,,D*76	1770467850.397927
$GNVTG,275.34,T,,M,2.243,N,4.155,K,D*23	1770467850.502074
$GNGGA,123715.00,3252.78702,N,03516.18173,E,2,12,0.76,262.2,M,18.9,M,,0000*45	1770467850.605931
$GNGSA,A,3,18,25,28,29,12,05,21,11,31,26,,,1.35,0.76,1.12*14	1770467850.605983
$GNGSA,A,3,73,84,83,74,85,,,,,,,,1.35,0.76,1.12*15	1770467850.709982
$GPGSV,4,1,16,05,37,093,44,11,15,042,43,12,34,125,40,18,42,222,29*75	1770467850.710037
$GPGSV,4,2,16,21,22,062,39,23,01,184,,25,76,120,34,26,10,315,25*7F	1770467850.814035
$GPGSV,4,3,16,28,35,280,25,29,61,347,42,31,19,309,28,36,50,201,*7B	1770467850.918049
$GPGSV,4,4,16,40,45,147,,41,27,116,,42,,,31,49,40,227,*45	1770467850.918100
$GLGSV,2,1,08,67,00,044,,73,69,166,27,74,57,325,31,75,06,330,23*62	1770467851.021962
$GLGSV,2,2,08,80,13,152,24,83,39,026,38,84,66,289,40,85,25,241,26*6B	1770467851.125908
$GNGLL,3252.78702,N,03516.18173,E,123715.00,A,D*70	1770467851.126000
$GNRMC,123716.00,A,3252.78734,N,03516.18084,E,3.379,288.75,070226,,,D*77	1770467851.437907
$GNVTG,288.75,T,,M,3.379,N,6.258,K,D*21	1770467851.438001
$GNGGA,123716.00,3252.78734,N,03516.18084,E,2,12,0.76,262.7,M,18.9,M,,0000*4F	1770467851.541946
$GNGSA,A,3,18,25,28,29,12,05,21,11,31,26,,,1.35,0.76,1.12*14	1770467851.645940
$GNGSA,A,3,73,84,83,74,85,,,,,,,,1.35,0.76,1.12*15	1770467851.645993
$GPGSV,4,1,16,05,37,093,42,11,15,042,36,12,34,125,31,18,42,222,28*76	1770467851.750094
$GPGSV,4,2,16,21,22,062,40,23,01,184,,25,76,120,36,26,10,315,24*72	1770467851.853914
$GPGSV,4,3,16,28,35,280,36,29,61,347,37,31,19,309,32,36,50,201,*70	1770467851.853965
$GPGSV,4,4,16,40,45,147,,41,27,116,,42,,,39,49,40,227,*4D	1770467851.957944
$GLGSV,2,1,08,67,00,044,,73,69,166,32,74,57,325,26,75,06,330,23*60	1770467852.061998
$GLGSV,2,2,08,80,13,152,24,83,39,026,42,84,66,289,38,85,25,241,26*69	1770467852.062054
$GNGLL,3252.78734,N,03516.18084,E,123716.00,A,D*7F	1770467852.165920
$GNRMC,123717.00,A,3252.78761,N,03516.17973,E,3.382,286.89,070226,,,D*71	1770467852.477930
$GNVTG,286.89,T,,M,3.382,N,6.263,K,D*20	1770467852.478018
$GNGGA,123717.00,3252.78761,N,03516.17973,E,2,12,0.76,262.4,M,18.9,M,,0000*43	1770467852.581993
$GNGSA,A,3,18,25,28,29,12,05,21,11,31,26,,,1.35,0.76,1.12*14	1770467852.582045
$GNGSA,A,3,73,84,83,74,85,,,,,,,,1.35,0.76,1.12*15	1770467852.685987
$GPGSV,4,1,16,05,37,093,45,11,15,042,33,12,34,125,38,18,42,222,34*70	1770467852.790025
$GPGSV,4,2,16,21,22,062,42,23,01,184,,25,76,120,38,26,10,315,25*7F	1770467852.790083
$GPGSV,4,3,16,28,35,280,36,29,61,347,36,31,19,309,26,36,50,201,*74	1770467852.893904
$GPGSV,4,4,16,40,45,147,,41,27,116,,42,,,38,49,40,227,*4C	1770467852.997974
$GLGSV,2,1,08,67,00,044,,73,69,166,38,74,57,325,26,75,06,330,23*6A	1770467852.998030
$GLGSV,2,2,08,80,13,152,25,83,39,026,40,84,66,289,32,85,25,241,26*60	1770467853.102007
$GNGLL,3252.78761,N,03516.17973,E,123717.00,A,D*70	1770467853.102062
$GNRMC,123718.00,A,3252.78794,N,03516.17881,E,3.041,287.76,070226,,,D*75	1770467853.413922
$GNVTG,287.76,T,,M,3.041,N,5.632,K,D*2E	1770467853.517925
$GNGGA,123718.00,3252.78794,N,03516.17881,E,2,12,0.76,263.0,M,18.9,M,,0000*4F	1770467853.517979
$GNGSA,A,3,18,25,28,29,12,05,21,11,31,26,,,1.35,0.76,1.12*14	1770467853.622245
$GNGSA,A,3,73,84,83,74,85,,,,,,,,1.35,0.76,1.12*15	1770467853.725958
$GPGSV,4,1,16,05,37,092,43,11,15,042,40,12,34,125,32,18,42,222,31*7C	1770467853.726008
$GPGSV,4,2,16,21,22,062,43,23,01,184,,25,76,120,33,26,10,315,25*75	1770467853.829990
$GPGSV,4,3,16,28,35,280,36,29,61,347,28,31,19,309,26,36,50,201,*7B	1770467853.933944
$GPGSV,4,4,16,40,45,147,,41,27,116,,42,,,36,49,40,227,*42	1770467853.933999
$GLGSV,2,1,08,67,00,044,,73,69,166,32,74,57,325,27,75,06,330,22*60	1770467854.037980
$GLGSV,2,2,08,80,13,152,24,83,39,026,38,84,66,289,33,85,25,241,27*6E	1770467854.141983
$GNGLL,3252.78794,N,03516.17881,E,123718.00,A,D*79	1770467854.142037
$GNRMC,123719.00,A,3252.78804,N,03516.17787,E,2.834,282.32,070226,,,D*75	1770467854.454003
$GNVTG,282.32,T,,M,2.834,N,5.249,K,D*28	1770467854.454056
$GNGGA,123719.00,3252.78804,N,03516.17787,E,2,12,0.77,262.7,M,18.9,M,,0000*46	1770467854.557917
$GNGSA,A,3,18,25,28,29,12,05,21,11,31,26,,,1.35,0.77,1.12*15	1770467854.661971
$GNGSA,A,3,73,84,83,74,85,,,,,,,,1.35,0.77,1.12*14	1770467854.662024
$GPGSV,4,1,16,05,37,092,42,11,15,042,24,12,34,125,35,18,42,222,30*79	1770467854.766280
$GPGSV,4,2,16,21,22,062,41,23,01,184,,25,76,120,40,26,10,315,26*70	1770467854.870010
$GPGSV,4,3,16,28,35,280,37,29,61,347,37,31,19,309,30,36,50,201,*73	1770467854.870062
$GPGSV,4,4,16,40,45,147,,41,27,116,,42,,,38,49,40,227,*4C	1770467854.974344
$GLGSV,2,1,08,67,00,044,,73,69,166,32,74,57,325,26,75,06,330,21*62	1770467854.974398
$GLGSV,2,2,08,80,13,152,24,83,39,026,33,84,66,289,38,85,25,241,26*6F	1770467855.077914
$GNGLL,3252.78804,N,03516.17787,E,123719.00,A,D*77	1770467855.181912
$GNRMC,123720.00,A,3252.78788,N,03516.17704,E,2.811,256.80,070226,,,D*78	1770467855.389963
$GNVTG,256.80,T,,M,2.811,N,5.205,K,D*27	1770467855.493946
$GNGGA,123720.00,3252.78788,N,03516.17704,E,2,12,0.77,263.0,M,18.9,M,,0000*4A	1770467855.597904
$GNGSA,A,3,18,25,28,29,12,05,21,11,31,26,,,1.35,0.77,1.12*15	1770467855.597993
$GNGSA,A,3,73,84,83,74,85,,,,,,,,1.35,0.77,1.12*14	1770467855.702086
$GPGSV,4,1,16,05,37,092,46,11,15,042,31,12,34,125,34,18,42,222,30*78	1770467855.702137
$GPGSV,4,2,16,21,22,062,43,23,01,184,,25,76,120,39,26,10,315,26*7C	1770467855.805988
$GPGSV,4,3,16,28,35,280,31,29,61,347,29,31,19,309,39,36,50,201,*73	1770467855.909990
$GPGSV,4,4,16,40,45,147,,41,27,116,,42,,,29,49,40,227,*4C	1770467855.910045
$GLGSV,2,1,08,67,00,044,,73,69,166,35,74,57,325,26,75,06,330,21*65	1770467856.014014
$GLGSV,2,2,08,80,13,152,24,83,39,026,40,84,66,289,39,85,25,241,27*6B	1770467856.117897
$GNGLL,3252.78788,N,03516.17704,E,123720.00,A,D*7D	1770467856.117949
$GNRMC,123721.00,A,3252.78777,N,03516.17602,E,3.283,265.27,070226,,,D*73	1770467856.429916
$GNVTG,265.27,T,,M,3.283,N,6.079,K,D*20	1770467856.430011
$GNGGA,123721.00,3252.78777,N,03516.17602,E,2,12,0.77,262.8,M,18.9,M,,0000*45	1770467856.534006
$GNGSA,A,3,18,25,28,29,12,05,21,11,31,26,,,1.35,0.77,1.12*15	1770467856.637999
$GNGSA,A,3,73,84,83,74,85,,,,,,,,1.35,0.77,1.12*14	1770467856.638053
$GPGSV,4,1,16,05,37,092,45,11,15,042,28,12,34,125,40,18,42,222,30*70	1770467856.741985
$GPGSV,4,2,16,21,22,062,37,23,01,184,,25,76,120,40,26,10,315,26*71	1770467856.845926
$GPGSV,4,3,16,28,35,280,31,29,61,347,35,31,19,309,35,36,50,201,*72	1770467856.846018
$GPGSV,4,4,16,40,45,147,,41,27,116,,42,,,33,49,40,227,*47	1770467856.950005
$GLGSV,2,1,08,67,00,044,,73,69,166,29,74,57,325,32,75,06,330,22*6E	1770467857.053952
$GLGSV,2,2,08,80,13,152,24,83,39,026,38,84,66,289,37,85,25,241,27*6A	1770467857.054043
$GNGLL,3252.78777,N,03516.17602,E,123721.00,A,D*7B	1770467857.157936
$GNRMC,123722.00,A,3252.78781,N,03516.17505,E,2.985,268.29,070226,,,D*72	1770467857.469953
$GNVTG,268.29,T,,M,2.985,N,5.529,K,D*2C	1770467857.470042
$GNGGA,123722.00,3252.78781,N,03516.17505,E,2,12,0.89,263.0,M,18.9,M,,0000*43	1770467857.573916
$GNGSA,A,3,18,25,29,12,05,21,11,31,26,,,,1.52,0.89,1.23*1D	1770467857.573968
$GNGSA,A,3,73,84,83,74,85,,,,,,,,1.52,0.89,1.23*16	1770467857.677917
$GPGSV,4,1,16,05,37,092,45,11,15,042,38,12,34,125,41,18,42,222,25*74	1770467857.677967
$GPGSV,4,2,16,21,22,062,36,23,01,184,,25,76,120,38,26,10,315,27*7E	1770467857.781990
$GPGSV,4,3,16,28,35,280,,29,61,347,42,31,19,309,32,36,50,201,*77	1770467857.886007
$GPGSV,4,4,16,40,45,147,,41,27,116,,42,,,32,49,40,227,*46	1770467857.886057
$GLGSV,2,1,08,67,00,044,,73,69,166,30,74,57,325,34,75,06,330,23*61	1770467857.990125
$GLGSV,2,2,08,80,13,152,25,83,39,026,37,84,66,289,38,85,25,241,27*6B	1770467858.093963
$GNGLL,3252.78781,N,03516.17505,E,123722.00,A,D*75	1770467858.094016
$GNRMC,123723.00,A,3252.78790,N,03516.17421,E,2.597,273.76,070226,,,A*7E	1770467858.405942
$GNVTG,273.76,T,,M,2.597,N,4.810,K,A*20	1770467858.509984
$GNGGA,123723.00,3252.78790,N,03516.17421,E,1,12,0.79,263.3,M,18.9,M,,*4A	1770467858.510037
$GNGSA,A,3,18,25,28,29,12,05,21,11,31,26,,,1.43,0.79,1.19*11	1770467858.613978
$GNGSA,A,3,73,84,83,74,85,,,,,,,,1.43,0.79,1.19*10	1770467858.614030
$GPGSV,4,1,16,05,37,092,44,11,15,042,38,12,34,125,40,18,42,222,26*77	1770467858.717917
$GPGSV,4,2,16,21,22,062,42,23,01,184,,25,76,120,36,26,10,315,27*73	1770467858.821975
$GPGSV,4,3,16,28,35,280,35,29,61,347,43,31,19,309,28,36,50,201,*7B	1770467858.822028
$GPGSV,4,4,16,40,45,147,,41,27,116,,42,,,31,49,40,227,*45	1770467858.925933
$GLGSV,2,1,08,67,00,044,,73,69,166,30,74,57,325,34,75,06,330,24*66	1770467859.030098
$GLGSV,2,2,08,80,13,152,25,83,39,026,34,84,66,289,34,85,25,241,26*65	1770467859.030152
$GNGLL,3252.78790,N,03516.17421,E,123723.00,A,A*76	1770467859.133902
$GNRMC,123724.00,A,3252.78815,N,03516.17344,E,2.615,281.56,070226,,,A*79	1770467859.445962
$GNVTG,281.56,T,,M,2.615,N,4.842,K,A*21	1770467859.446016
$GNGGA,123724.00,3252.78815,N,03516.17344,E,1,12,0.77,263.8,M,18.9,M,,*4E	1770467859.549962
$GNGSA,A,3,18,25,28,29,12,05,21,11,31,26,,,1.35,0.77,1.12*15	1770467859.654035
$GNGSA,A,3,73,84,83,74,85,,,,,,,,1.35,0.77,1.12*14	1770467859.654086
$GPGSV,4,1,15,05,37,092,42,11,15,042,41,12,34,125,38,18,42,222,26*73	1770467859.757961
$GPGSV,4,2,15,21,22,062,38,23,01,184,,25,76,120,40,26,10,315,26*7D	1770467859.758017
$GPGSV,4,3,15,28,35,280,34,29,61,347,40,31,19,309,28,36,50,201,*7A	1770467859.861939
$GPGSV,4,4,15,40,45,147,,41,27,116,,49,40,227,*42	1770467859.965917
$GLGSV,2,1,08,67,00,044,,73,69,166,35,74,57,325,30,75,06,330,25*66	1770467859.966007
$GLGSV,2,2,08,80,13,152,23,83,39,026,31,84,66,289,34,85,25,241,27*67	1770467860.069962
$GNGLL,3252.78815,N,03516.17344,E,123724.00,A,A*77	1770467860.173885
$GNRMC,123725.00,A,3252.78830,N,03516.17249,E,3.086,283.41,070226,,,A*7A	1770467860.382016
$GNVTG,283.41,T,,M,3.086,N,5.716,K,A*27	1770467860.485968
$GNGGA,123725.00,3252.78830,N,03516.17249,E,1,12,0.77,263.5,M,18.9,M,,*49	1770467860.590055
$GNGSA,A,3,18,25,28,29,12,05,21,11,31,26,,,1.35,0.77,1.12*15	1770467860.590109
$GNGSA,A,3,73,84,83,74,85,,,,,,,,1.35,0.77,1.12*14	1770467860.694029
$GPGSV,4,1,15,05,37,092,46,11,15,042,41,12,33,125,43,18,42,222,31*7A	1770467860.694083
$GPGSV,4,2,15,21,22,062,37,23,01,184,,25,76,120,37,26,10,315,26*72	1770467860.797980
$GPGSV,4,3,15,28,35,280,30,29,61,347,44,31,19,309,39,36,50,201,*7A	1770467860.901953
$GPGSV,4,4,15,40,45,147,,41,27,116,,49,40,227,*42	1770467860.902005
$GLGSV,2,1,08,67,00,044,,73,69,166,33,74,57,325,30,75,06,330,25*60	1770467861.005945
$GLGSV,2,2,08,80,13,152,26,83,39,026,31,84,66,289,38,85,25,241,26*6F	1770467861.109934
$GNGLL,3252.78830,N,03516.17249,E,123725.00,A,A*7D	1770467861.109985
$GNRMC,123726.00,A,3252.78847,N,03516.17183,E,1.960,283.21,070226,,,A*79	1770467861.421980
$GNVTG,283.21,T,,M,1.960,N,3.630,K,A*21	1770467861.422035
$GNGGA,123726.00,3252.78847,N,03516.17183,E,1,12,0.77,263.7,M,18.9,M,,*4D	1770467861.526229
$GNGSA,A,3,18,25,28,29,12,05,21,11,31,26,,,1.35,0.77,1.12*15	1770467861.629990
$GNGSA,A,3,73,84,83,74,85,,,,,,,,1.35,0.77,1.12*14	1770467861.630042
$GPGSV,4,1,15,05,37,092,45,11,15,042,40,12,33,125,42,18,42,222,30*78	1770467861.734059
$GPGSV,4,2,15,21,22,062,35,23,01,184,,25,76,120,40,26,10,315,25*73	1770467861.837939
$GPGSV,4,3,15,28,35,280,25,29,61,347,40,31,19,309,38,36,50,201,*7B	1770467861.837990
$GPGSV,4,4,15,40,45,147,,41,27,116,,49,40,227,*42	1770467861.941973
$GLGSV,2,1,08,67,00,044,,73,69,166,33,74,57,325,31,75,06,330,26*62	1770467862.045956
$GLGSV,2,2,08,80,13,152,26,83,39,026,35,84,66,289,34,85,25,241,26*67	1770467862.046008
$GNGLL,3252.78847,N,03516.17183,E,123726.00,A,A*7B	1770467862.149938
$GNRMC,123727.00,A,3252.78852,N,03516.17110,E,2.356,276.51,070226,,,A*77	1770467862.461981
$GNVTG,276.51,T,,M,2.356,N,4.363,K,A*24	1770467862.462037
$GNGGA,123727.00,3252.78852,N,03516.17110,E,1,12,0.77,263.6,M,18.9,M,,*43	1770467862.565925
$GNGSA,A,3,18,25,28,29,12,05,21,11,31,26,,,1.35,0.77,1.12*15	1770467862.565975
$GNGSA,A,3,73,84,83,74,85,,,,,,,,1.35,0.77,1.12*14	1770467862.669959
$GPGSV,4,1,15,05,37,092,42,11,15,042,39,12,33,125,40,18,42,222,29*7B	1770467862.773931
$GPGSV,4,2,15,21,22,062,35,23,01,184,,25,76,120,38,26,10,315,30*78	1770467862.773985
$GPGSV,4,3,15,28,35,280,34,29,61,347,38,31,19,309,40,36,50,201,*7B	1770467862.877957
$GPGSV,4,4,15,40,45,147,,41,27,116,,49,40,227,*42	1770467862.878012
$GLGSV,2,1,08,67,00,044,,73,69,166,37,74,57,325,31,75,06,330,25*65	1770467862.983394
$GLGSV,2,2,08,80,13,152,31,83,39,026,35,84,66,289,37,85,25,241,27*63	1770467863.086020
$GNGLL,3252.78852,N,03516.17110,E,123727.00,A,A*74	1770467863.086073
$GNRMC,123728.00,A,3252.78847,N,03516.17022,E,2.833,269.08,070226,,,A*76	1770467863.397946
$GNVTG,269.08,T,,M,2.833,N,5.248,K,A*27	1770467863.501995
$GNGGA,123728.00,3252.78847,N,03516.17022,E,1,12,0.77,263.7,M,18.9,M,,*49	1770467863.502049
$GNGSA,A,3,18,25,28,29,12,05,21,11,31,26,,,1.35,0.77,1.12*15	1770467863.605918
$GNGSA,A,3,73,84,83,74,85,,,,,,,,1.35,0.77,1.12*14	1770467863.605971
$GPGSV,4,1,15,05,37,092,44,11,15,042,43,12,33,125,40,18,42,222,28*71	1770467863.709936
$GPGSV,4,2,15,21,22,062,32,23,01,184,,25,76,120,39,26,10,315,24*7B	1770467863.813971
$GPGSV,4,3,15,28,35,280,36,29,61,347,41,31,19,309,36,36,50,201,*76	1770467863.917893
$GPGSV,4,4,15,40,45,147,,41,27,116,,49,40,227,*42	1770467863.917947
$GLGSV,2,1,08,67,00,044,,73,69,166,32,74,57,325,31,75,06,330,26*63	1770467864.021955
$GLGSV,2,2,08,80,13,152,25,83,39,026,35,84,66,289,35,85,25,241,27*64	1770467864.022011
$GNGLL,3252.78847,N,03516.17022,E,123728.00,A,A*7F	1770467864.125927
$GNRMC,123729.00,A,3252.78843,N,03516.16935,E,2.633,269.59,070226,,,A*77	1770467864.437898
$GNVTG,269.59,T,,M,2.633,N,4.876,K,A*2B	1770467864.437954
$GNGGA,123729.00,3252.78843,N,03516.16935,E,1,12,0.77,263.7,M,18.9,M,,*42	1770467864.542000
$GNGSA,A,3,18,25,28,29,12,05,21,11,31,26,,,1.35,0.77,1.12*15	1770467864.646013
$GNGSA,A,3,73,84,83,74,85,,,,,,,,1.35,0.77,1.12*14	1770467864.646072
$GPGSV,4,1,15,05,37,092,45,11,15,042,39,12,33,125,39,18,42,222,27*7C	1770467864.749921
$GPGSV,4,2,15,21,22,062,37,23,01,184,,25,76,120,39,26,10,315,24*7E	1770467864.853903
$GPGSV,4,3,15,28,35,280,36,29,61,347,40,31,19,309,33,36,50,201,*72	1770467864.853953
$GPGSV,4,4,15,40,45,147,,41,27,116,,49,40,227,*42	1770467864.957944
$GLGSV,2,1,08,67,00,044,,73,69,166,35,74,57,325,30,75,06,330,25*66	1770467864.957997
$GLGSV,2,2,08,80,13,152,25,83,39,026,32,84,66,289,31,85,25,241,26*66	1770467865.061997
$GNGLL,3252.78843,N,03516.16935,E,123729.00,A,A*74	1770467865.166081
$GNRMC,123730.00,A,3252.78855,N,03516.16854,E,2.582,278.22,070226,,,A*7B	1770467865.373965
$GNVTG,278.22,T,,M,2.582,N,4.781,K,A*29	1770467865.477948
$GNGGA,123730.00,3252.78855,N,03516.16854,E,1,12,0.77,264.0,M,18.9,M,,*4B	1770467865.581972
$GNGSA,A,3,18,25,28,29,12,05,21,11,31,26,,,1.35,0.77,1.12*15	1770467865.582027
$GNGSA,A,3,73,84,83,74,85,,,,,,,,1.35,0.77,1.12*14	1770467865.685960
$GPGSV,4,1,15,05,37,092,45,11,15,042,35,12,33,125,37,18,42,222,36*7E	1770467865.686009
$GPGSV,4,2,15,21,22,062,37,23,01,184,,25,76,120,40,26,10,315,25*71	1770467865.789973
$GPGSV,4,3,15,28,35,280,29,29,61,347,41,31,19,309,29,36,50,201,*76	1770467865.893914
$GPGSV,4,4,15,40,45,147,,41,27,116,,49,40,227,*42	1770467865.893970
$GLGSV,2,1,08,67,00,044,,73,69,166,34,74,57,325,30,75,06,330,25*67	1770467865.997968
$GLGSV,2,2,08,80,13,152,24,83,39,026,39,84,66,289,33,85,25,241,25*6D	1770467866.101931
$GNGLL,3252.78855,N,03516.16854,E,123730.00,A,A*7D	1770467866.101985
$GNRMC,123731.00,A,3252.78890,N,03516.16779,E,2.750,295.09,070226,,,A*74	1770467866.413968
$GNVTG,295.09,T,,M,2.750,N,5.092,K,A*2A	1770467866.517990
$GNGGA,123731.00,3252.78890,N,03516.16779,E,1,12,0.77,264.4,M,18.9,M,,*47	1770467866.518044
$GNGSA,A,3,18,25,28,29,12,05,21,11,31,26,,,1.35,0.77,1.12*15	1770467866.621960
$GNGSA,A,3,73,84,83,74,85,,,,,,,,1.35,0.77,1.12*14	1770467866.622051
$GPGSV,4,1,15,05,37,092,44,11,15,042,28,12,33,125,41,18,43,222,37*72	1770467866.725919
$GPGSV,4,2,15,21,22,062,37,23,01,184,,25,76,120,40,26,10,315,23*77	1770467866.830020
$GPGSV,4,3,15,28,35,280,28,29,61,347,41,31,19,309,30,36,50,201,41*7A	1770467866.830073
$GPGSV,4,4,15,40,45,147,,41,27,116,,49,40,227,*42	1770467866.933996
$GLGSV,2,1,08,67,00,044,,73,69,166,36,74,57,325,30,75,06,330,24*64	1770467867.037926
$GLGSV,2,2,08,80,13,152,25,83,39,026,38,84,66,289,36,85,25,241,22*6F	1770467867.037980
$GNGLL,3252.78890,N,03516.16779,E,123731.00,A,A*75	1770467867.141891
$GNRMC,123732.00,A,3252.78918,N,03516.16694,E,2.894,291.65,070226,,,A*7D	1770467867.453954
$GNVTG,291.65,T,,M,2.894,N,5.359,K,A*27	1770467867.454007
$GNGGA,123732.00,3252.78918,N,03516.16694,E,1,12,0.77,264.9,M,18.9,M,,*4A	1770467867.557909
$GNGSA,A,3,18,25,28,29,12,05,21,11,31,26,,,1.35,0.77,1.12*15	1770467867.558000
$GNGSA,A,3,73,84,83,74,85,,,,,,,,1.35,0.77,1.12*14	1770467867.661976
$GPGSV,4,1,15,05,37,092,43,11,15,042,34,12,33,125,38,18,43,222,32*73	1770467867.765977
$GPGSV,4,2,15,21,22,062,39,23,01,184,,25,76,120,38,26,10,315,25*70	1770467867.766033
$GPGSV,4,3,15,28,35,280,30,29,61,347,41,31,19,309,32,36,50,201,39*7E	1770467867.869992
$GPGSV,4,4,15,40,45,147,,41,27,116,,49,40,227,*42	1770467867.978882
$GLGSV,2,1,08,67,00,044,,73,69,166,33,74,57,325,34,75,06,330,22*63	1770467867.978935
$GLGSV,2,2,08,80,13,152,24,83,39,026,39,84,66,289,40,85,25,241,23*6F	1770467868.086162
$GNGLL,3252.78918,N,03516.16694,E,123732.00,A,A*75	1770467868.086217
$GNRMC,123733.00,A,3252.78916,N,03516.16583,E,3.126,277.20,070226,,,A*7F	1770467868.398188
$GNVTG,277.20,T,,M,3.126,N,5.790,K,A*2E	1770467868.502146
$GNGGA,123733.00,3252.78916,N,03516.16583,E,1,12,0.77,264.4,M,18.9,M,,*4D	1770467868.502197
$GNGSA,A,3,18,25,28,29,12,05,21,11,31,26,,,1.35,0.77,1.12*15	1770467868.606267
$GNGSA,A,3,73,84,83,74,85,,,,,,,,1.35,0.77,1.12*14	1770467868.606321
$GPGSV,4,1,15,05,37,092,44,11,15,042,29,12,33,125,42,18,43,222,27*71	1770467868.710434
$GPGSV,4,2,15,21,22,062,40,23,01,184,,25,76,120,38,26,10,315,37*7D	1770467868.814155
$GPGSV,4,3,15,28,35,280,32,29,61,347,41,31,19,309,35,36,50,201,37*75	1770467868.918123
$GPGSV,4,4,15,40,45,147,,41,27,116,,49,40,227,*42	1770467868.918173
$GLGSV,2,1,08,67,00,044,,73,69,166,31,74,57,325,33,75,06,330,21*65	1770467869.022138
$GLGSV,2,2,08,80,13,152,24,83,39,026,40,84,66,289,38,85,25,241,22*6F	1770467869.022226
$GNGLL,3252.78916,N,03516.16583,E,123733.00,A,A*7F	1770467869.126254
$GNRMC,123734.00,A,3252.78915,N,03516.16484,E,3.004,272.48,070226,,,A*77	1770467869.438223
$GNVTG,272.48,T,,M,3.004,N,5.563,K,A*2A	1770467869.438338
$GNGGA,123734.00,3252.78915,N,03516.16484,E,1,12,0.77,264.6,M,18.9,M,,*4D	1770467869.542125
$GNGSA,A,3,18,25,28,29,12,05,21,11,31,26,,,1.35,0.77,1.12*15	1770467869.646200
$GNGSA,A,3,73,84,83,74,85,,,,,,,,1.35,0.77,1.12*14	1770467869.646257
$GPGSV,4,1,15,05,37,092,44,11,15,042,39,12,33,125,42,18,43,222,28*7F	1770467869.750156
$GPGSV,4,2,15,21,22,061,44,23,01,184,,25,76,120,38,26,10,315,28*74	1770467869.854200
$GPGSV,4,3,15,28,35,280,39,29,61,347,41,31,19,309,29,36,50,201,30*74	1770467869.854256
$GPGSV,4,4,15,40,45,147,,41,27,116,,49,40,227,*42	1770467869.958199
$GLGSV,2,1,08,67,00,044,,73,69,166,35,74,57,325,33,75,06,330,22*62	1770467869.958253
$GLGSV,2,2,08,80,13,152,23,83,39,026,39,84,66,289,36,85,25,241,22*68	1770467870.062143
$GNGLL,3252.78915,N,03516.16484,E,123734.00,A,A*7D	1770467870.166214
$GNRMC,123735.00,A,3252.78927,N,03516.16392,E,2.763,276.85,070226,,,A*75	1770467870.374210
$GNVTG,276.85,T,,M,2.763,N,5.117,K,A*2F	1770467870.478200
$GNGGA,123735.00,3252.78927,N,03516.16392,E,1,12,0.77,265.0,M,18.9,M,,*4A	1770467870.582133
$GNGSA,A,3,18,25,28,29,12,05,21,11,31,26,,,1.35,0.77,1.12*15	1770467870.582225
$GNGSA,A,3,73,84,83,74,85,,,,,,,,1.35,0.77,1.12*14	1770467870.686178
$GPGSV,4,1,15,05,37,092,42,11,15,042,41,12,33,125,44,18,43,222,27*7F	1770467870.686229
$GPGSV,4,2,15,21,22,061,42,23,01,184,,25,76,120,39,26,10,315,27*7C	1770467870.790208
$GPGSV,4,3,15,28,35,280,36,29,61,347,41,31,19,309,30,36,50,201,29*7B	1770467870.894133
$GPGSV,4,4,15,40,45,147,,41,27,116,,49,40,227,*42	1770467870.894188
$GLGSV,2,1,08,67,00,044,,73,69,166,33,74,57,325,33,75,06,330,22*64	1770467870.998262
$GLGSV,2,2,08,80,13,152,22,83,39,026,39,84,66,289,36,85,25,241,23*68	1770467871.102131
$GNGLL,3252.78927,N,03516.16392,E,123735.00,A,A*7D	1770467871.102223
$GNRMC,123736.00,A,3252.78965,N,03516.16318,E,2.740,287.97,070226,,,A*7E	1770467871.414208
$GNVTG,287.97,T,,M,2.740,N,5.074,K,A*27	1770467871.414264
$GNGGA,123736.00,3252.78965,N,03516.16318,E,1,12,0.77,265.5,M,18.9,M,,*48	1770467871.518179
$GNGSA,A,3,18,25,28,29,12,05,21,11,31,26,,,1.35,0.77,1.12*15	1770467871.622138
$GNGSA,A,3,73,84,83,74,85,,,,,,,,1.35,0.77,1.12*14	1770467871.622227
$GPGSV,4,1,15,05,37,092,41,11,15,042,28,12,33,125,47,18,43,222,30*76	1770467871.726132
$GPGSV,4,2,15,21,22,061,39,23,01,183,,25,76,120,39,26,10,315,26*76	1770467871.830256
$GPGSV,4,3,15,28,35,280,29,29,61,347,43,31,19,309,29,36,50,201,36*71	1770467871.830310
$GPGSV,4,4,15,40,45,147,,41,27,116,,49,40,227,*42	1770467871.934204
$GLGSV,2,1,08,67,00,044,,73,69,166,39,74,57,325,30,75,06,330,23*6C	1770467872.038121
$GLGSV,2,2,08,80,13,152,21,83,39,026,32,84,66,289,38,85,25,241,24*69	1770467872.038175
$GNGLL,3252.78965,N,03516.16318,E,123736.00,A,A*7A	1770467872.142151
$GNRMC,123737.00,A,3252.78991,N,03516.16226,E,3.079,283.85,070226,,,A*73	1770467872.454138
$GNVTG,283.85,T,,M,3.079,N,5.702,K,A*2A	1770467872.454189
$GNGGA,123737.00,3252.78991,N,03516.16226,E,1,12,0.77,266.0,M,18.9,M,,*48	1770467872.558106
$GNGSA,A,3,18,25,28,29,12,05,21,11,31,26,,,1.35,0.77,1.12*15	1770467872.558156
$GNGSA,A,3,73,84,83,74,85,,,,,,,,1.35,0.77,1.12*14	1770467872.662210
$GPGSV,4,1,15,05,37,092,45,11,15,042,36,12,33,125,45,18,43,222,30*7F	1770467872.766132
$GPGSV,4,2,15,21,22,061,42,23,01,183,,25,76,122,38,26,10,315,25*7A	1770467872.766188
$GPGSV,4,3,15,28,35,280,33,29,61,347,39,31,19,309,41,36,50,201,32*7D	1770467872.870203
$GPGSV,4,4,15,40,45,147,,41,27,116,,49,40,227,*42	1770467872.974406
$GLGSV,2,1,08,67,00,044,,73,69,166,34,74,57,325,34,75,06,330,24*62	1770467872.974462
$GLGSV,2,2,08,80,13,152,28,83,39,026,38,84,66,289,41,85,25,241,24*64	1770467873.078241
$GNGLL,3252.78991,N,03516.16226,E,123737.00,A,A*7C	1770467873.078361
$GNRMC,123738.00,A,3252.78996,N,03516.16124,E,3.116,277.19,070226,,,A*7C	1770467873.390187
$GNVTG,277.19,T,,M,3.116,N,5.771,K,A*28	1770467873.494434
$GNGGA,123738.00,3252.78996,N,03516.16124,E,1,12,0.77,266.2,M,18.9,M,,*43	1770467873.494496
$GNGSA,A,3,18,25,28,29,12,05,21,11,31,26,,,1.35,0.77,1.12*15	1770467873.598392
$GNGSA,A,3,73,84,83,74,85,,,,,,,,1.35,0.77,1.12*14	1770467873.702202
$GPGSV,4,1,15,05,37,092,46,11,15,042,40,12,33,125,44,18,43,222,28*75	1770467873.702255
$GPGSV,4,2,15,21,22,061,42,23,01,183,,25,76,122,40,26,11,315,27*76	1770467873.806190
$GPGSV,4,3,15,28,35,280,33,29,61,347,43,31,19,309,35,36,50,201,31*70	1770467873.910173
$GPGSV,4,4,15,40,45,147,,41,27,116,,49,40,227,*42	1770467873.910227
$GLGSV,2,1,08,67,00,044,,73,69,166,33,74,57,325,29,75,06,330,24*69	1770467874.014214
$GLGSV,2,2,08,80,13,152,24,83,39,026,41,84,66,289,38,85,25,241,26*6A	1770467874.118119
$GNGLL,3252.78996,N,03516.16124,E,123738.00,A,A*75	1770467874.118170
$GNRMC,123739.00,A,3252.78994,N,03516.16006,E,3.522,272.70,070226,,,A*77	1770467874.430221
$GNVTG,272.70,T,,M,3.522,N,6.523,K,A*27	1770467874.430275
$GNGGA,123739.00,3252.78994,N,03516.16006,E,1,12,0.86,266.0,M,18.9,M,,*4D	1770467874.534243
$GNGSA,A,3,18,25,28,29,12,05,21,11,31,26,,,1.49,0.86,1.22*13	1770467874.638135
$GNGSA,A,3,73,84,83,74,85,,,,,,,,1.49,0.86,1.22*12	1770467874.638192
$GPGSV,4,1,15,05,37,092,46,11,15,042,42,12,33,125,36,18,43,222,28*72	1770467874.742134
$GPGSV,4,2,15,21,22,061,42,23,01,183,,25,76,122,39,26,11,315,26*79	1770467874.846167
$GPGSV,4,3,15,28,35,280,37,29,61,347,42,31,19,309,35,36,50,201,31*75	1770467874.846219
$GPGSV,4,4,15,40,45,147,,41,27,116,,49,40,227,*42	1770467874.950126
$GLGSV,2,1,08,67,00,044,,73,69,166,33,74,57,325,36,75,06,330,23*60	1770467874.950176
$GLGSV,2,2,08,80,13,152,21,83,39,026,40,84,66,289,39,85,25,241,23*6A	1770467875.054476
$GNGLL,3252.78994,N,03516.16006,E,123739.00,A,A*77	1770467875.158125
$GNRMC,123740.00,A,3252.78990,N,03516.15888,E,3.575,270.79,070226,,,A*79	1770467875.470287
$GNVTG,270.79,T,,M,3.575,N,6.622,K,A*2C	1770467875.470338
$GNGGA,123740.00,3252.78990,N,03516.15888,E,1,12,0.86,266.0,M,18.9,M,,*4A	1770467875.574137
$GNGSA,A,3,18,25,28,29,12,05,21,11,31,26,,,1.49,0.86,1.22*13	1770467875.574189
$GNGSA,A,3,73,84,83,74,85,,,,,,,,1.49,0.86,1.22*12	1770467875.678185
$GPGSV,4,1,15,05,37,092,43,11,15,042,34,12,33,125,39,18,43,222,28*79	1770467875.678237
$GPGSV,4,2,15,21,22,061,41,23,01,183,,25,76,122,34,26,11,315,25*74	1770467875.782136
$GPGSV,4,3,15,28,35,279,39,29,61,347,41,31,19,309,27,36,50,201,30*7C	1770467875.886175
$GPGSV,4,4,15,40,45,147,,41,27,116,,49,40,227,*42	1770467875.886231
$GLGSV,2,1,08,67,00,044,,73,69,166,34,74,57,325,30,75,06,330,24*66	1770467875.990415
$GLGSV,2,2,08,80,13,152,19,83,39,026,40,84,66,289,39,85,25,241,23*61	1770467876.094122
$GNGLL,3252.78990,N,03516.15888,E,123740.00,A,A*70	1770467876.094173
$GNRMC,123741.00,A,3252.78985,N,03516.15769,E,3.428,268.90,070226,,,A*7B	1770467876.406159
$GNVTG,268.90,T,,M,3.428,N,6.348,K,A*22	1770467876.510207
$GNGGA,123741.00,3252.78985,N,03516.15769,E,1,12,0.86,265.6,M,18.9,M,,*4A	1770467876.510263
$GNGSA,A,3,18,25,28,29,12,05,21,11,31,26,,,1.49,0.86,1.22*13	1770467876.614193
$GNGSA,A,3,73,84,83,74,85,,,,,,,,1.49,0.86,1.22*12	1770467876.614248
$GPGSV,4,1,15,05,37,092,45,11,15,042,28,12,33,125,36,18,43,222,27*72	1770467876.718198
$GPGSV,4,2,15,21,22,061,43,23,01,183,,25,76,122,38,26,11,315,26*79	1770467876.822251
$GPGSV,4,3,15,28,35,279,39,29,61,348,41,31,19,309,32,36,50,201,30*77	1770467876.822302
$GPGSV,4,4,15,40,45,147,,41,27,116,,49,40,227,*42	1770467876.926261
$GLGSV,2,1,08,67,00,044,,73,69,166,37,74,57,325,34,75,06,330,24*61	1770467877.030206
$GLGSV,2,2,08,80,13,152,19,83,39,026,41,84,66,289,37,85,25,241,23*6E	1770467877.030259
$GNGLL,3252.78985,N,03516.15769,E,123741.00,A,A*75	1770467877.134163
$GNRMC,123742.00,A,3252.78978,N,03516.15656,E,3.407,268.59,070226,,,A*7F	1770467877.446136
$GNVTG,268.59,T,,M,3.407,N,6.309,K,A*2F	1770467877.446191
$GNGGA,123742.00,3252.78978,N,03516.15656,E,1,12,0.86,265.4,M,18.9,M,,*44	1770467877.550175
$GNGSA,A,3,18,25,28,29,12,05,21,11,31,26,,,1.49,0.86,1.22*13	1770467877.654168
$GNGSA,A,3,73,84,83,74,85,,,,,,,,1.49,0.86,1.22*12	1770467877.654221
$GPGSV,4,1,15,05,37,092,46,11,15,042,40,12,33,125,41,18,43,222,28*70	1770467877.758153
$GPGSV,4,2,15,21,22,061,42,23,01,183,,25,76,122,39,26,11,315,25*7A	1770467877.758205
$GPGSV,4,3,15,28,35,279,39,29,61,348,41,31,19,309,30,36,50,201,30*75	1770467877.862119
$GPGSV,4,4,15,40,45,147,,41,27,116,,49,40,227,*42	1770467877.966226
$GLGSV,2,1,08,67,00,044,,73,69,166,33,74,57,325,34,75,06,330,24*65	1770467877.966276
$GLGSV,2,2,08,80,13,152,19,83,39,026,34,84,66,289,39,85,25,241,21*60	1770467878.070195
$GNGLL,3252.78978,N,03516.15656,E,123742.00,A,A*79	1770467878.070250
$GNRMC,123743.00,A,3252.78982,N,03516.15547,E,3.292,271.13,070226,,,A*74	1770467878.382170
$GNVTG,271.13,T,,M,3.292,N,6.097,K,A*27	1770467878.486219
$GNGGA,123743.00,3252.78982,N,03516.15547,E,1,12,0.86,265.2,M,18.9,M,,*45	1770467878.486277
$GNGSA,A,3,18,25,28,29,12,05,21,11,31,26,,,1.49,0.86,1.22*13	1770467878.590187
$GNGSA,A,3,73,84,83,74,85,,,,,,,,1.49,0.86,1.22*12	1770467878.694307
$GPGSV,4,1,15,05,37,092,47,11,15,042,45,12,33,125,34,18,43,222,28*76	1770467878.694364
$GPGSV,4,2,15,21,22,061,41,23,01,183,,25,76,122,42,26,11,315,25*75	1770467878.798264
$GPGSV,4,3,15,28,35,279,38,29,61,348,41,31,20,308,35,36,50,201,31*7B	1770467878.902200
$GPGSV,4,4,15,40,45,147,,41,27,116,,49,40,227,*42	1770467878.902297
$GLGSV,2,1,08,67,00,044,,73,69,166,34,74,57,325,34,75,06,330,23*65	1770467879.006162
$GLGSV,2,2,08,80,13,152,19,83,39,026,37,84,66,289,37,85,25,241,22*6E	1770467879.110121
$GNGLL,3252.78982,N,03516.15547,E,123743.00,A,A*7E	1770467879.110173
$GNRMC,123744.00,A,3252.79009,N,03516.15464,E,2.662,279.19,070226,,,A*70	1770467879.422208
$GNVTG,279.19,T,,M,2.662,N,4.931,K,A*28	1770467879.422259
$GNGGA,123744.00,3252.79009,N,03516.15464,E,1,12,0.86,265.4,M,18.9,M,,*4F	1770467879.526163
$GNGSA,A,3,18,25,28,29,12,05,21,11,31,26,,,1.49,0.86,1.22*13	1770467879.630201
$GNGSA,A,3,73,84,83,74,85,,,,,,,,1.49,0.86,1.22*12	1770467879.630255
$GPGSV,4,1,15,05,37,092,46,11,15,042,33,12,33,125,38,18,43,222,28*7A	1770467879.734141
$GPGSV,4,2,15,21,22,061,46,23,01,183,,25,76,122,41,26,11,315,25*71	1770467879.838148
$GPGSV,4,3,15,28,35,279,35,29,61,348,42,31,20,308,31,36,50,201,41*76	1770467879.838198
$GPGSV,4,4,15,40,45,147,,41,27,116,,49,40,227,*42	1770467879.942158
$GLGSV,2,1,08,67,00,044,,73,69,166,35,74,57,325,34,75,06,330,22*65	1770467880.046339
$GLGSV,2,2,08,80,13,152,19,83,39,026,38,84,66,289,37,85,25,241,22*61	1770467880.046389
$GNGLL,3252.79009,N,03516.15464,E,123744.00,A,A*72	1770467880.150107
$GNRMC,123745.00,A,3252.79053,N,03516.15394,E,2.883,291.63,070226,,,A*7C	1770467880.462131
$GNVTG,291.63,T,,M,2.883,N,5.339,K,A*21	1770467880.462182
$GNGGA,123745.00,3252.79053,N,03516.15394,E,1,12,0.77,266.0,M,18.9,M,,*40	1770467880.566120
$GNGSA,A,3,18,25,28,29,12,05,21,11,31,26,,,1.36,0.77,1.12*16	1770467880.566174
$GNGSA,A,3,73,84,83,74,85,,,,,,,,1.36,0.77,1.12*17	1770467880.670296
$GPGSV,4,1,15,05,37,092,46,11,15,042,33,12,33,125,36,18,43,222,30*7D	1770467880.774155
$GPGSV,4,2,15,21,22,061,43,23,01,183,,25,76,122,41,26,11,315,25*74	1770467880.774207
$GPGSV,4,3,15,28,35,279,30,29,61,348,44,31,20,308,30,36,50,201,38*7A	1770467880.878203
$GPGSV,4,4,15,40,45,147,,41,27,116,,49,40,227,*42	1770467880.983383
$GLGSV,2,1,08,67,00,044,,73,69,166,37,74,57,325,34,75,06,330,21*64	1770467880.983452
$GLGSV,2,2,08,80,13,152,22,83,39,026,38,84,66,289,37,85,25,241,22*69	1770467881.086192
$GNGLL,3252.79053,N,03516.15394,E,123745.00,A,A*74	1770467881.086247
$GNRMC,123746.00,A,3252.79069,N,03516.15291,E,3.227,283.59,070226,,,A*7D	1770467881.398160
$GNVTG,283.59,T,,M,3.227,N,5.977,K,A*2E	1770467881.502136
$GNGGA,123746.00,3252.79069,N,03516.15291,E,1,12,0.78,266.0,M,18.9,M,,*41	1770467881.502187
$GNGSA,A,3,18,25,29,12,05,21,11,31,26,,,,1.37,0.78,1.12*12	1770467881.606142
$GNGSA,A,3,73,84,83,74,85,,,,,,,,1.37,0.78,1.12*19	1770467881.606231
$GPGSV,4,1,15,05,37,092,43,11,15,042,31,12,33,125,39,18,43,222,26*72	1770467881.710169
$GPGSV,4,2,15,21,22,061,40,23,01,183,,25,76,122,39,26,11,315,22*7F	1770467881.814435
$GPGSV,4,3,15,28,35,279,,29,61,348,41,31,20,308,33,36,50,201,34*73	1770467881.918131
$GPGSV,4,4,15,40,45,147,,41,27,116,,49,40,227,*42	1770467881.918180
$GLGSV,2,1,08,67,00,044,,73,69,166,32,74,57,325,33,75,06,330,17*63	1770467882.022212
$GLGSV,2,2,08,80,13,152,26,83,39,026,37,84,66,289,39,85,25,241,20*6E	1770467882.022267
$GNGLL,3252.79069,N,03516.15291,E,123746.00,A,A*7A	1770467882.126344
$GNRMC,123747.00,A,3252.79080,N,03516.15185,E,3.209,280.23,070226,,,A*7F	1770467882.438142
$GNVTG,280.23,T,,M,3.209,N,5.943,K,A*2B	1770467882.438194
$GNGGA,123747.00,3252.79080,N,03516.15185,E,1,12,0.78,266.0,M,18.9,M,,*41	1770467882.542200
$GNGSA,A,3,18,25,29,12,05,21,11,31,26,,,,1.37,0.78,1.12*12	1770467882.646157
$GNGSA,A,3,73,84,83,74,85,,,,,,,,1.37,0.78,1.12*19	1770467882.646208
$GPGSV,4,1,15,05,37,092,44,11,15,042,35,12,33,125,34,18,43,222,26*7C	1770467882.750177
$GPGSV,4,2,15,21,22,061,41,23,01,183,,25,76,122,39,26,11,315,29*75	1770467882.750229
$GPGSV,4,3,15,28,35,279,27,29,61,348,41,31,20,308,27,36,50,201,29*7F	1770467882.854176
$GPGSV,4,4,15,40,45,147,,41,27,116,,49,40,227,*42	1770467882.958221
$GLGSV,2,1,08,67,00,044,,73,69,166,34,74,57,325,32,75,06,330,20*60	1770467882.958331
$GLGSV,2,2,08,80,13,152,26,83,39,026,39,84,66,289,39,85,25,241,21*61	1770467883.062209
$GNGLL,3252.79080,N,03516.15185,E,123747.00,A,A*7A	1770467883.166179
$GNRMC,123748.00,A,3252.79083,N,03516.15078,E,3.065,275.01,070226,,,A*72	1770467883.374151
$GNVTG,275.01,T,,M,3.065,N,5.676,K,A*20	1770467883.478135
$GNGGA,123748.00,3252.79083,N,03516.15078,E,1,12,0.77,265.7,M,18.9,M,,*45	1770467883.582160
$GNGSA,A,3,18,25,28,29,12,05,21,11,31,26,,,1.36,0.77,1.12*16	1770467883.582213
$GNGSA,A,3,73,84,83,74,85,,,,,,,,1.36,0.77,1.12*17	1770467883.686172
$GPGSV,4,1,15,05,37,092,43,11,15,042,37,12,33,125,39,18,43,222,26*74	1770467883.686226
$GPGSV,4,2,15,21,22,061,43,23,01,183,,25,76,122,39,26,11,315,33*7C	1770467883.790249
$GPGSV,4,3,15,28,35,279,32,29,61,348,41,31,20,308,35,36,50,201,29*78	1770467883.894171
$GPGSV,4,4,15,40,45,147,,41,27,116,,49,40,227,*42	1770467883.894224
$GLGSV,2,1,08,67,00,044,,73,69,166,34,74,57,325,33,75,06,330,20*61	1770467883.998190
$GLGSV,2,2,08,80,13,152,24,83,39,026,40,84,66,289,37,85,25,241,23*61	1770467884.102113
$GNGLL,3252.79083,N,03516.15078,E,123748.00,A,A*75	1770467884.102200
$GNRMC,123749.00,A,3252.79097,N,03516.14977,E,3.180,276.57,070226,,,A*7B	1770467884.414268
$GNVTG,276.57,T,,M,3.180,N,5.890,K,A*2C	1770467884.518131
$GNGGA,123749.00,3252.79097,N,03516.14977,E,1,12,0.77,265.8,M,18.9,M,,*49	1770467884.518181
$GNGSA,A,3,18,25,28,29,12,05,21,11,31,26,,,1.36,0.77,1.12*16	1770467884.622125
$GNGSA,A,3,73,84,83,74,85,,,,,,,,1.36,0.77,1.12*17	1770467884.622176
$GPGSV,4,1,15,05,37,092,44,11,15,042,35,12,33,125,31,18,43,222,25*7A	1770467884.726162
$GPGSV,4,2,15,21,22,061,41,23,01,183,,25,76,122,37,26,11,315,21*73	1770467884.830228
$GPGSV,4,3,15,28,35,279,35,29,61,348,40,31,20,308,32,36,50,201,33*72	1770467884.830279
$GPGSV,4,4,15,40,45,147,,41,27,116,,49,40,227,*42	1770467884.934168
$GLGSV,2,1,08,67,00,044,,73,69,166,31,74,57,325,33,75,06,330,22*66	1770467885.038156
$GLGSV,2,2,08,80,13,152,22,83,39,026,40,84,66,289,38,85,25,241,25*6E	1770467885.038212
$GNGLL,3252.79097,N,03516.14977,E,123749.00,A,A*76	1770467885.142211
$GNRMC,123750.00,A,3252.79112,N,03516.14884,E,2.657,278.95,070226,,,A*7E	1770467885.454162
$GNVTG,278.95,T,,M,2.657,N,4.920,K,A*2B	1770467885.454215
$GNGGA,123750.00,3252.79112,N,03516.14884,E,1,12,0.86,266.0,M,18.9,M,,*45	1770467885.558189
$GNGSA,A,3,18,25,28,29,12,05,21,11,31,26,,,1.49,0.86,1.22*13	1770467885.558244
$GNGSA,A,3,73,84,83,74,85,,,,,,,,1.49,0.86,1.22*12	1770467885.662128
$GPGSV,4,1,15,05,37,092,42,11,15,042,39,12,33,125,37,18,43,222,26*75	1770467885.766178
$GPGSV,4,2,15,21,22,061,43,23,01,183,,25,76,122,35,26,11,315,22*70	1770467885.766231
$GPGSV,4,3,15,28,35,279,33,29,61,348,42,31,20,308,26,36,50,201,33*73	1770467885.870248
$GPGSV,4,4,15,40,45,147,,41,27,116,,49,40,227,*42	1770467885.975162
$GLGSV,2,1,08,67,00,044,,73,69,166,31,74,57,325,33,75,06,330,21*65	1770467885.975228
$GLGSV,2,2,08,80,13,152,22,83,39,026,38,84,66,289,38,85,25,241,30*65	1770467886.078184
$GNGLL,3252.79112,N,03516.14884,E,123750.00,A,A*7F	1770467886.078240
$GNRMC,123751.00,A,3252.79147,N,03516.14797,E,3.070,290.72,070226,,,A*7F	1770467886.390207
$GNVTG,290.72,T,,M,3.070,N,5.686,K,A*24	1770467886.494137
$GNGGA,123751.00,3252.79147,N,03516.14797,E,1,12,0.77,266.2,M,18.9,M,,*45	1770467886.494227
$GNGSA,A,3,18,25,28,29,12,05,21,11,31,26,,,1.36,0.77,1.12*16	1770467886.598192
$GNGSA,A,3,73,84,83,74,85,,,,,,,,1.36,0.77,1.12*17	1770467886.702155
$GPGSV,4,1,15,05,37,092,42,11,15,042,26,12,33,125,38,18,43,222,30*73	1770467886.702206
$GPGSV,4,2,15,21,22,061,42,23,01,183,,25,76,122,38,26,11,315,24*7A	1770467886.806207
$GPGSV,4,3,15,28,35,279,34,29,61,348,44,31,20,308,27,36,50,201,33*73	1770467886.910225
$GPGSV,4,4,15,40,45,147,,41,27,116,,49,40,227,*42	1770467886.910281
$GLGSV,2,1,08,67,00,044,,73,69,166,36,74,57,325,33,75,06,330,22*61	1770467887.014148
$GLGSV,2,2,08,80,13,152,21,83,39,026,37,84,66,289,38,85,25,241,26*6E	1770467887.118101
$GNGLL,3252.79147,N,03516.14797,E,123751.00,A,A*73	1770467887.118154
$GNRMC,123752.00,A,3252.79190,N,03516.14737,E,2.527,296.16,070226,,,A*7E	1770467887.430177
$GNVTG,296.16,T,,M,2.527,N,4.680,K,A*21	1770467887.430229
$GNGGA,123752.00,3252.79190,N,03516.14737,E,1,12,0.77,268.0,M,18.9,M,,*4A	1770467887.534109
$GNGSA,A,3,18,25,28,29,12,05,21,11,31,26,,,1.36,0.77,1.12*16	1770467887.638153
$GNGSA,A,3,73,84,83,74,85,,,,,,,,1.36,0.77,1.12*17	1770467887.638203
$GPGSV,4,1,15,05,37,092,42,11,15,042,32,12,33,125,40,18,43,222,31*78	1770467887.742407
$GPGSV,4,2,15,21,22,061,39,23,01,183,,25,76,122,38,26,11,315,24*76	1770467887.846197
$GPGSV,4,3,15,28,35,279,31,29,61,348,41,31,20,308,33,36,50,201,30*75	1770467887.846252
$GPGSV,4,4,15,40,45,147,,41,27,116,,49,40,227,*42	1770467887.950293
$GLGSV,2,1,08,67,00,044,,73,69,166,35,74,57,325,35,75,06,330,22*64	1770467887.950344
$GLGSV,2,2,08,80,13,152,23,83,39,026,38,84,66,289,41,85,25,241,26*6D	1770467888.054216
$GNGLL,3252.79190,N,03516.14737,E,123752.00,A,A*70	1770467888.158176
$GNRMC,123753.00,A,3252.79201,N,03516.14640,E,2.772,286.59,070226,,,A*7D	1770467888.470123
$GNVTG,286.59,T,,M,2.772,N,5.134,K,A*20	1770467888.470215
$GNGGA,123753.00,3252.79201,N,03516.14640,E,1,12,0.77,268.4,M,18.9,M,,*45	1770467888.574144
$GNGSA,A,3,18,25,28,29,12,05,21,11,31,26,,,1.36,0.77,1.12*16	1770467888.574196
$GNGSA,A,3,73,84,83,74,85,,,,,,,,1.36,0.77,1.12*17	1770467888.678177
$GPGSV,4,1,15,05,37,092,45,11,15,042,36,12,33,125,40,18,43,222,27*7C	1770467888.782125
$GPGSV,4,2,15,21,22,061,39,23,01,183,,25,76,122,39,26,11,315,25*76	1770467888.782216
$GPGSV,4,3,15,28,35,279,36,29,61,348,41,31,20,308,28,36,50,201,30*78	1770467888.886140
$GPGSV,4,4,15,40,45,147,,41,27,116,,49,40,227,*42	1770467888.886189
$GLGSV,2,1,08,67,00,044,,73,69,166,28,74,57,325,31,75,06,330,22*6C	1770467888.990545
$GLGSV,2,2,08,80,13,152,22,83,39,026,36,84,66,289,39,85,25,241,26*6D	1770467889.094205
$GNGLL,3252.79201,N,03516.14640,E,123753.00,A,A*7B	1770467889.094257
$GNRMC,123754.00,A,3252.79193,N,03516.14539,E,2.523,276.11,070226,,,A*7A	1770467889.406145
$GNVTG,276.11,T,,M,2.523,N,4.673,K,A*20	1770467889.510129
$GNGGA,123754.00,3252.79193,N,03516.14539,E,1,12,0.77,268.1,M,18.9,M,,*42	1770467889.510181
$GNGSA,A,3,18,25,28,29,12,05,21,11,31,26,,,1.36,0.77,1.12*16	1770467889.614165
$GNGSA,A,3,73,84,83,74,85,,,,,,,,1.36,0.77,1.12*17	1770467889.614219
$GPGSV,4,1,15,05,37,092,42,11,15,042,41,12,33,125,41,18,43,222,32*7E	1770467889.718168
$GPGSV,4,2,15,21,22,061,39,23,01,183,,25,76,122,39,26,11,315,24*77	1770467889.822205
$GPGSV,4,3,15,28,35,279,38,29,61,348,43,31,20,308,29,36,50,201,36*73	1770467889.822256
$GPGSV,4,4,15,40,45,147,,41,27,116,,49,40,227,*42	1770467889.926144
$GLGSV,2,1,08,67,00,044,,73,69,166,34,74,57,325,34,75,06,330,22*64	1770467890.030373
$GLGSV,2,2,08,80,13,152,21,83,39,026,38,84,66,289,41,85,25,241,27*6E	1770467890.030425
$GNGLL,3252.79193,N,03516.14539,E,123754.00,A,A*79	1770467890.134106
$GNRMC,123755.00,A,3252.79189,N,03516.14456,E,2.335,274.96,070226,,,A*74	1770467890.446200
$GNVTG,274.96,T,,M,2.335,N,4.325,K,A*2A	1770467890.446257
$GNGGA,123755.00,3252.79189,N,03516.14456,E,1,12,0.78,268.4,M,18.9,M,,*4A	1770467890.550121
$GNGSA,A,3,18,25,28,29,12,05,21,11,31,26,,,1.37,0.78,1.12*18	1770467890.654171
$GNGSA,A,3,73,84,83,74,85,,,,,,,,1.37,0.78,1.12*19	1770467890.654223
$GPGSV,4,1,15,05,37,092,43,11,15,042,37,12,33,125,39,18,43,222,34*77	1770467890.758234
$GPGSV,4,2,15,21,22,061,38,23,01,183,,25,76,122,37,26,11,315,25*79	1770467890.758479
$GPGSV,4,3,15,28,35,279,35,29,61,348,40,31,20,308,33,36,50,201,39*79	1770467890.862215
$GPGSV,4,4,15,40,45,147,,41,27,116,,49,40,227,*42	1770467890.966169
$GLGSV,2,1,08,67,00,044,,73,69,166,34,74,57,325,34,75,06,330,23*65	1770467890.966222
$GLGSV,2,2,08,80,13,152,19,83,39,026,34,84,66,289,40,85,25,241,27*68	1770467891.072365
$GNGLL,3252.79189,N,03516.14456,E,123755.00,A,A*7B	1770467891.072417
$GNRMC,123756.00,A,3252.79187,N,03516.14361,E,2.883,272.38,070226,,,A*7E	1770467891.383701
$GNVTG,272.38,T,,M,2.883,N,5.340,K,A*2C	1770467891.487741
$GNGGA,123756.00,3252.79187,N,03516.14361,E,1,12,0.79,268.8,M,18.9,M,,*49	1770467891.487784
$GNGSA,A,3,18,25,28,29,12,05,21,11,31,26,,,1.39,0.79,1.15*10	1770467891.591713
$GNGSA,A,3,73,84,83,74,85,,,,,,,,1.39,0.79,1.15*11	1770467891.695701
$GPGSV,4,1,15,05,37,092,43,11,15,042,29,12,33,125,35,18,43,222,26*77	1770467891.695745
$GPGSV,4,2,15,21,22,061,42,23,01,183,,25,76,122,37,26,11,315,25*74	1770467891.800377
$GPGSV,4,3,15,28,35,279,33,29,61,348,41,31,20,308,34,36,50,201,37*77	1770467891.904385
$GPGSV,4,4,15,40,45,147,,41,27,116,,49,40,227,*42	1770467891.904438
$GLGSV,2,1,08,67,00,044,,73,69,166,34,74,57,325,34,75,06,330,22*64	1770467892.008426
$GLGSV,2,2,08,80,13,152,20,83,39,026,37,84,66,289,39,85,25,241,31*68	1770467892.112372
$GNGLL,3252.79187,N,03516.14361,E,123756.00,A,A*75	1770467892.112425
$GNRMC,123757.00,A,3252.79169,N,03516.14262,E,2.944,263.79,070226,,,A*72	1770467892.424386
$GNVTG,263.79,T,,M,2.944,N,5.452,K,A*27	1770467892.424442
$GNGGA,123757.00,3252.79169,N,03516.14262,E,1,12,0.78,269.1,M,18.9,M,,*43	1770467892.528400
$GNGSA,A,3,18,25,28,29,12,05,21,11,31,26,,,1.37,0.78,1.12*18	1770467892.632326
$GNGSA,A,3,73,84,83,74,85,,,,,,,,1.37,0.78,1.12*19	1770467892.632377
$GPGSV,4,1,15,05,37,092,42,11,15,042,28,12,33,125,31,18,43,222,30*74	1770467892.736350
$GPGSV,4,2,15,21,22,061,41,23,01,183,,25,76,122,38,26,11,315,25*78	1770467892.840343
$GPGSV,4,3,15,28,35,279,36,29,61,348,41,31,20,308,31,36,50,201,30*70	1770467892.840393
$GPGSV,4,4,15,40,45,147,,41,27,116,,49,40,227,*42	1770467892.944394
$GLGSV,2,1,08,67,00,044,,73,69,166,30,74,57,325,33,75,06,330,21*64	1770467893.048409
$GLGSV,2,2,08,80,13,152,20,83,39,026,38,84,66,289,40,85,25,241,31*69	1770467893.048465
$GNGLL,3252.79169,N,03516.14262,E,123757.00,A,A*76	1770467893.152341
$GNRMC,123758.00,A,3252.79149,N,03516.14152,E,2.997,263.58,070226,,,A*72	1770467893.464490
$GNVTG,263.58,T,,M,2.997,N,5.550,K,A*29	1770467893.464542
$GNGGA,123758.00,3252.79149,N,03516.14152,E,1,12,0.77,269.0,M,18.9,M,,*40	1770467893.568442
$GNGSA,A,3,18,25,28,29,12,05,21,11,31,26,,,1.36,0.77,1.12*16	1770467893.568496
$GNGSA,A,3,73,84,83,74,85,,,,,,,,1.36,0.77,1.12*17	1770467893.672359
$GPGSV,4,1,15,05,37,092,44,11,15,042,29,12,33,125,37,18,43,222,24*70	1770467893.776347
$GPGSV,4,2,15,21,22,061,40,23,01,183,,25,76,122,39,26,11,315,26*7B	1770467893.776403
$GPGSV,4,3,15,28,35,279,37,29,61,348,38,31,20,308,31,36,50,201,36*79	1770467893.880321
$GPGSV,4,4,15,40,45,147,,41,27,116,,49,40,227,*42	1770467893.880377
$GLGSV,2,1,08,67,00,044,,73,69,166,33,74,57,325,34,75,06,330,21*60	1770467893.984645
$GLGSV,2,2,08,80,13,152,20,83,39,026,41,84,66,289,38,85,25,241,30*69	1770467894.088407
$GNGLL,3252.79149,N,03516.14152,E,123758.00,A,A*7B	1770467894.088461
$GNRMC,123759.00,A,3252.79140,N,03516.14047,E,3.039,264.75,070226,,,A*7B	1770467894.400326
$GNVTG,264.75,T,,M,3.039,N,5.628,K,A*21	1770467894.504372
$GNGGA,123759.00,3252.79140,N,03516.14047,E,1,12,0.77,269.4,M,18.9,M,,*49	1770467894.504422
$GNGSA,A,3,18,25,28,29,12,05,21,11,31,26,,,1.36,0.77,1.12*16	1770467894.608372
$GNGSA,A,3,73,84,83,74,85,,,,,,,,1.36,0.77,1.12*17	1770467894.608460
$GPGSV,4,1,15,05,37,092,43,11,15,042,35,12,33,125,31,18,43,222,26*7E	1770467894.712392
$GPGSV,4,2,15,21,22,061,39,23,01,183,,25,76,122,39,26,11,315,25*76	1770467894.816389
$GPGSV,4,3,15,28,35,279,37,29,61,348,39,31,20,308,27,36,50,201,40*7E	1770467894.920374
$GPGSV,4,4,15,40,45,147,,41,27,116,,49,40,227,*42	1770467894.920428
$GLGSV,2,1,08,67,00,044,,73,69,166,31,74,57,325,33,75,06,330,22*66	1770467895.024341
$GLGSV,2,2,08,80,13,152,20,83,39,026,36,84,66,289,37,85,25,241,29*6E	1770467895.024392
$GNGLL,3252.79140,N,03516.14047,E,123759.00,A,A*76	1770467895.128340
$GNRMC,123800.00,A,3252.79144,N,03516.13946,E,2.880,272.23,070226,,,A*7C	1770467895.440350
$GNVTG,272.23,T,,M,2.880,N,5.334,K,A*26	1770467895.440402
$GNGGA,123800.00,3252.79144,N,03516.13946,E,1,12,0.77,269.6,M,18.9,M,,*43	1770467895.544382
$GNGSA,A,3,18,25,28,29,12,05,21,11,31,26,,,1.36,0.77,1.12*16	1770467895.648434
$GNGSA,A,3,73,84,83,74,85,,,,,,,,1.36,0.77,1.12*17	1770467895.648487
$GPGSV,4,1,15,05,37,092,43,11,15,042,34,12,33,125,32,18,43,222,26*7C	1770467895.752354
$GPGSV,4,2,15,21,22,061,42,23,01,183,,25,76,122,38,26,11,315,26*78	1770467895.856496
$GPGSV,4,3,15,28,35,279,34,29,61,348,43,31,20,308,27,36,50,201,37*70	1770467895.856548
$GPGSV,4,4,15,40,45,147,,41,27,116,,49,40,227,*42	1770467895.960399
$GLGSV,2,1,08,67,00,044,,73,69,166,34,74,57,325,32,75,06,330,21*61	1770467895.960454
$GLGSV,2,2,08,80,13,152,21,83,39,026,38,84,66,289,34,85,25,241,29*62	1770467896.064368
$GNGLL,3252.79144,N,03516.13946,E,123800.00,A,A*7E	1770467896.168346
$GNRMC,123801.00,A,3252.79153,N,03516.13833,E,3.134,277.55,070226,,,A*7B	1770467896.376327
$GNVTG,277.55,T,,M,3.134,N,5.805,K,A*2C	1770467896.480436
$GNGGA,123801.00,3252.79153,N,03516.13833,E,1,12,0.77,269.3,M,18.9,M,,*42	1770467896.584347
$GNGSA,A,3,18,25,28,29,12,05,21,11,31,26,,,1.36,0.77,1.12*16	1770467896.584399
$GNGSA,A,3,73,84,83,74,85,,,,,,,,1.36,0.77,1.12*17	1770467896.688455
$GPGSV,4,1,15,05,37,092,44,11,15,042,39,12,33,125,29,18,43,222,29*73	1770467896.688512
$GPGSV,4,2,15,21,22,061,42,23,01,183,,25,76,122,38,26,11,315,25*7B	1770467896.792346
$GPGSV,4,3,15,28,35,279,36,29,61,348,42,31,20,308,32,36,50,201,38*78	1770467896.896346
$GPGSV,4,4,15,40,45,147,,41,27,116,,49,40,227,*42	1770467896.896397
$GLGSV,2,1,08,67,00,044,,73,69,166,34,74,57,325,33,75,06,330,22*63	1770467897.000364
$GLGSV,2,2,08,80,13,152,21,83,39,026,40,84,66,289,33,85,25,241,28*6B	1770467897.104486
$GNGLL,3252.79153,N,03516.13833,E,123801.00,A,A*7A	1770467897.104538
$GNRMC,123802.00,A,3252.79171,N,03516.13742,E,2.772,281.36,070226,,,A*78	1770467897.416354
$GNVTG,281.36,T,,M,2.772,N,5.133,K,A*29	1770467897.416408
$GNGGA,123802.00,3252.79171,N,03516.13742,E,1,12,0.78,269.7,M,18.9,M,,*43	1770467897.520334
$GNGSA,A,3,18,25,28,29,12,05,21,11,31,26,,,1.37,0.78,1.12*18	1770467897.624337
$GNGSA,A,3,73,84,83,74,85,,,,,,,,1.37,0.78,1.12*19	1770467897.624389
$GPGSV,4,1,15,05,37,092,45,11,15,042,40,12,33,125,36,18,43,222,30*7A	1770467897.728414
$GPGSV,4,2,15,21,22,061,42,23,01,183,,25,76,122,36,26,11,315,24*74	1770467897.832324
$GPGSV,4,3,15,28,35,279,33,29,61,348,41,31,20,308,27,36,50,201,36*74	1770467897.832375
$GPGSV,4,4,15,40,45,147,,41,27,116,,49,40,227,*42	1770467897.936315
$GLGSV,2,1,08,67,00,044,,73,69,166,34,74,57,325,33,75,06,330,21*60	1770467898.040370
$GLGSV,2,2,08,80,13,152,22,83,39,026,39,84,66,289,36,85,25,241,27*6C	1770467898.040647
$GNGLL,3252.79171,N,03516.13742,E,123802.00,A,A*70	1770467898.144408
$GNRMC,123803.00,A,3252.79190,N,03516.13654,E,2.689,283.57,070226,,,A*70	1770467898.456387
$GNVTG,283.57,T,,M,2.689,N,4.979,K,A*2E	1770467898.456440
$GNGGA,123803.00,3252.79190,N,03516.13654,E,1,12,0.78,270.1,M,18.9,M,,*45	1770467898.560417
$GNGSA,A,3,18,25,28,29,12,05,21,11,31,26,,,1.37,0.78,1.12*18	1770467898.560472
$GNGSA,A,3,73,84,83,74,85,,,,,,,,1.37,0.78,1.12*19	1770467898.664365
$GPGSV,4,1,15,05,37,092,43,11,15,042,40,12,33,125,39,18,43,222,29*7B	1770467898.768419
$GPGSV,4,2,15,21,22,061,44,23,01,183,,25,76,122,40,26,11,315,24*73	1770467898.768473
$GPGSV,4,3,15,28,35,279,35,29,61,348,43,31,20,308,35,36,50,201,36*73	1770467898.872373
$GPGSV,4,4,15,40,45,147,,41,27,116,,49,40,227,*42	1770467898.977827
$GLGSV,2,1,08,67,00,044,,73,69,166,34,74,57,325,33,75,06,330,21*60	1770467898.977892
$GLGSV,2,2,08,80,13,152,22,83,39,026,38,84,66,289,36,85,25,241,26*6C	1770467899.080391
$GNGLL,3252.79190,N,03516.13654,E,123803.00,A,A*78	1770467899.080445
$GNRMC,123804.00,A,3252.79204,N,03516.13566,E,2.662,285.54,070226,,,A*7B	1770467899.392382
$GNVTG,285.54,T,,M,2.662,N,4.930,K,A*23	1770467899.496349
$GNGGA,123804.00,3252.79204,N,03516.13566,E,1,12,0.79,270.5,M,18.9,M,,*4B	1770467899.496399
$GNGSA,A,3,18,25,28,29,12,05,21,11,31,26,,,1.44,0.79,1.20*1C	1770467899.600409
$GNGSA,A,3,73,84,83,74,85,,,,,,,,1.44,0.79,1.20*1D	1770467899.704463
$GPGSV,4,1,15,05,37,092,44,11,15,042,37,12,33,125,37,18,43,222,34*7E	1770467899.704513
$GPGSV,4,2,15,21,22,061,43,23,01,183,,25,76,122,34,26,11,315,24*77	1770467899.808421
$GPGSV,4,3,15,28,35,279,35,29,61,348,43,31,20,308,31,36,50,201,36*77	1770467899.912363
$GPGSV,4,4,15,40,45,147,,41,27,116,,49,40,227,*42	1770467899.912417
$GLGSV,2,1,08,67,00,044,,73,69,166,34,74,57,325,31,75,06,330,21*62	1770467900.016347
$GLGSV,2,2,08,80,13,152,21,83,39,026,41,84,66,289,38,85,25,241,26*6F	1770467900.120293
$GNGLL,3252.79204,N,03516.13566,E,123804.00,A,A*73	1770467900.120344
$GNRMC,123805.00,A,3252.79208,N,03516.13479,E,2.538,280.75,070226,,,A*73	1770467900.432399
$GNVTG,280.75,T,,M,2.538,N,4.701,K,A*25	1770467900.432453
$GNGGA,123805.00,3252.79208,N,03516.13479,E,1,12,0.78,271.1,M,18.9,M,,*4D	1770467900.536392
$GNGSA,A,3,18,25,28,29,12,05,21,11,31,26,,,1.37,0.78,1.12*18	1770467900.640317
$GNGSA,A,3,73,84,83,74,85,,,,,,,,1.37,0.78,1.12*19	1770467900.640406
$GPGSV,4,1,15,05,37,092,43,11,15,042,35,12,33,125,42,18,43,222,29*75	1770467900.744403
$GPGSV,4,2,15,21,22,061,44,23,01,183,,25,76,122,40,26,11,315,24*73	1770467900.848387
$GPGSV,4,3,15,28,35,279,36,29,61,348,43,31,20,308,31,36,50,201,37*75	1770467900.848441
$GPGSV,4,4,15,40,45,147,,41,27,116,,49,40,227,*42	1770467900.952333
$GLGSV,2,1,08,67,00,044,,73,69,166,35,74,57,325,32,75,06,330,20*61	1770467900.952386
$GLGSV,2,2,08,80,13,152,20,83,39,026,41,84,66,289,39,85,25,241,31*69	1770467901.056390
$GNGLL,3252.79208,N,03516.13479,E,123805.00,A,A*71	1770467901.160399
$GNRMC,123806.00,A,3252.79214,N,03516.13396,E,2.448,282.52,070226,,,A*7A	1770467901.472471
$GNVTG,282.52,T,,M,2.448,N,4.534,K,A*20	1770467901.472522
$GNGGA,123806.00,3252.79214,N,03516.13396,E,1,12,0.78,271.7,M,18.9,M,,*43	1770467901.576763
$GNGSA,A,3,18,25,28,29,12,05,21,11,31,26,,,1.37,0.78,1.12*18	1770467901.576818
$GNGSA,A,3,73,84,83,74,85,,,,,,,,1.37,0.78,1.12*19	1770467901.680342
$GPGSV,4,1,15,05,37,092,44,11,15,042,40,12,33,125,42,18,43,222,29*70	1770467901.680432
$GPGSV,4,2,15,21,22,061,43,23,01,183,,25,76,122,37,26,11,315,25*75	1770467901.784356
$GPGSV,4,3,15,28,35,279,33,29,61,348,43,31,20,308,31,36,50,201,35*72	1770467901.888418
$GPGSV,4,4,15,40,45,147,,41,27,116,,49,40,227,*42	1770467901.888474
$GLGSV,2,1,08,67,00,044,,73,69,166,31,74,57,325,31,75,06,330,21*67	1770467901.992380
$GLGSV,2,2,08,80,13,152,20,83,39,026,37,84,66,289,38,85,25,241,25*6C	1770467902.096306
$GNGLL,3252.79214,N,03516.13396,E,123806.00,A,A*79	1770467902.096357
$GNRMC,123807.00,A,3252.79227,N,03516.13322,E,2.259,282.91,070226,,,A*7D	1770467902.408426
$GNVTG,282.91,T,,M,2.259,N,4.184,K,A*26	1770467902.512410
$GNGGA,123807.00,3252.79227,N,03516.13322,E,1,12,0.79,272.3,M,18.9,M,,*4B	1770467902.512465
$GNGSA,A,3,18,25,28,29,12,05,21,11,31,26,,,1.44,0.79,1.20*1C	1770467902.616317
$GNGSA,A,3,73,84,83,74,85,,,,,,,,1.44,0.79,1.20*1D	1770467902.616367
$GPGSV,4,1,15,05,37,092,45,11,15,042,44,12,33,125,40,18,43,222,28*76	1770467902.720404
$GPGSV,4,2,15,21,22,061,44,23,01,183,,25,76,122,35,26,11,315,25*70	1770467902.824338
$GPGSV,4,3,15,28,35,279,34,29,61,348,41,31,20,308,31,36,50,201,35*77	1770467902.824392
$GPGSV,4,4,15,40,45,147,,41,27,116,,49,40,227,*42	1770467902.928376
$GLGSV,2,1,08,67,00,044,,73,69,166,38,74,57,325,30,75,06,330,20*6E	1770467903.032372
$GLGSV,2,2,08,80,13,152,21,83,39,026,39,84,66,289,36,85,25,241,25*6D	1770467903.032427
$GNGLL,3252.79227,N,03516.13322,E,123807.00,A,A*77	1770467903.136312
$GNRMC,123808.00,A,3252.79220,N,03516.13213,E,2.920,276.44,070226,,,A*70	1770467903.448396
$GNVTG,276.44,T,,M,2.920,N,5.409,K,A*21	1770467903.448452
$GNGGA,123808.00,3252.79220,N,03516.13213,E,1,12,0.77,272.0,M,18.9,M,,*4D	1770467903.552414
$GNGSA,A,3,18,25,28,29,12,05,21,11,31,26,,,1.36,0.77,1.12*16	1770467903.656310
$GNGSA,A,3,73,84,83,74,85,,,,,,,,1.36,0.77,1.12*17	1770467903.656365
$GPGSV,4,1,15,05,37,092,45,11,15,042,44,12,33,125,42,18,43,222,29*75	1770467903.760346
$GPGSV,4,2,15,21,22,061,42,23,01,183,,25,76,122,38,26,11,315,25*7B	1770467903.760399
$GPGSV,4,3,15,28,35,279,35,29,61,348,43,31,20,308,26,36,50,201,40*70	1770467903.864340
$GPGSV,4,4,15,40,45,147,,41,27,116,,49,40,227,*42	1770467903.968383
$GLGSV,2,1,08,67,00,044,,73,69,166,35,74,57,325,31,75,06,330,20*62	1770467903.968473
$GLGSV,2,2,08,80,13,152,20,83,39,026,35,84,66,289,40,85,25,241,25*61	1770467904.072361
$GNGLL,3252.79220,N,03516.13213,E,123808.00,A,A*7C	1770467904.072417
$GNRMC,123809.00,A,3252.79222,N,03516.13118,E,2.480,278.15,070226,,,A*76	1770467904.384403
$GNVTG,278.15,T,,M,2.480,N,4.594,K,A*28	1770467904.488392
$GNGGA,123809.00,3252.79222,N,03516.13118,E,1,12,0.77,271.9,M,18.9,M,,*4C	1770467904.488444
$GNGSA,A,3,18,25,28,29,12,05,21,11,31,26,,,1.36,0.77,1.12*16	1770467904.592383
$GNGSA,A,3,73,84,83,74,85,,,,,,,,1.36,0.77,1.12*17	1770467904.696497
$GPGSV,4,1,15,05,37,092,45,11,15,042,37,12,33,125,44,18,43,222,29*77	1770467904.696548
$GPGSV,4,2,15,21,22,061,42,23,01,183,,25,76,122,38,26,11,315,27*79	1770467904.800344
$GPGSV,4,3,15,28,35,279,38,29,61,348,43,31,20,308,31,36,50,201,*7F	1770467904.904361
$GPGSV,4,4,15,40,45,147,,41,27,116,,49,40,227,*42	1770467904.904415
$GLGSV,2,1,08,67,00,044,,73,69,166,35,74,57,325,30,75,06,330,20*63	1770467905.008387
$GLGSV,2,2,08,80,13,152,26,83,39,026,36,84,66,289,38,85,25,241,25*6B	1770467905.112654
$GNGLL,3252.79222,N,03516.13118,E,123809.00,A,A*77	1770467905.112712
$GNRMC,123810.00,A,3252.79227,N,03516.13038,E,1.984,278.33,070226,,,A*76	1770467905.424445
$GNVTG,278.33,T,,M,1.984,N,3.674,K,A*2C	1770467905.424501
$GNGGA,123810.00,3252.79227,N,03516.13038,E,1,12,0.77,271.8,M,18.9,M,,*43	1770467905.528404
$GNGSA,A,3,18,25,28,29,12,05,21,11,31,26,,,1.36,0.77,1.12*16	1770467905.632349
$GNGSA,A,3,73,84,83,74,85,,,,,,,,1.36,0.77,1.12*17	1770467905.632400
$GPGSV,4,1,15,05,37,092,46,11,15,042,37,12,33,125,40,18,43,222,30*78	1770467905.736297
$GPGSV,4,2,15,21,22,061,41,23,01,183,,25,76,122,41,26,11,315,26*75	1770467905.840433
$GPGSV,4,3,15,28,35,279,38,29,61,348,40,31,20,308,30,36,50,201,*7D	1770467905.840485
$GPGSV,4,4,15,40,45,147,,41,27,116,,49,40,227,*42	1770467905.944347
$GLGSV,2,1,08,67,00,044,,73,69,166,39,74,57,325,34,75,06,330,19*61	1770467906.048455
$GLGSV,2,2,08,80,13,152,24,83,39,026,38,84,66,289,41,85,25,241,24*68	1770467906.048512
$GNGLL,3252.79227,N,03516.13038,E,123810.00,A,A*79	1770467906.152334
$GNRMC,123811.00,A,3252.79213,N,03516.12971,E,1.624,263.14,070226,,,A*7F	1770467906.464424
$GNVTG,263.14,T,,M,1.624,N,3.008,K,A*2B	1770467906.464475
$GNGGA,123811.00,3252.79213,N,03516.12971,E,1,12,0.77,271.6,M,18.9,M,,*4E	1770467906.568367
$GNGSA,A,3,18,25,28,29,12,05,21,11,31,26,,,1.36,0.77,1.12*16	1770467906.568449
$GNGSA,A,3,73,84,83,74,85,,,,,,,,1.36,0.77,1.12*17	1770467906.672830
$GPGSV,4,1,15,05,37,092,47,11,15,042,37,12,33,125,39,18,43,222,30*77	1770467906.776314
$GPGSV,4,2,15,21,22,061,46,23,01,183,,25,76,122,36,26,11,315,32*77	1770467906.776366
$GPGSV,4,3,15,28,35,279,39,29,61,348,44,31,20,308,34,36,50,201,*7C	1770467906.880372
$GPGSV,4,4,15,40,45,147,,41,27,116,,49,40,227,*42	1770467906.880426
$GLGSV,2,1,08,67,00,044,,73,68,167,36,74,57,325,32,75,06,330,19*68	1770467906.985088
$GLGSV,2,2,08,80,13,152,21,83,39,026,40,84,66,289,37,85,25,241,25*62	1770467907.088424
$GNGLL,3252.79213,N,03516.12971,E,123811.00,A,A*7A	1770467907.088478
$GNRMC,123812.00,A,3252.79197,N,03516.12952,E,0.390,,070226,,,A*65	1770467907.400327
$GNVTG,,T,,M,0.390,N,0.723,K,A*31	1770467907.400379
$GNGGA,123812.00,3252.79197,N,03516.12952,E,1,12,0.77,271.5,M,18.9,M,,*40	1770467907.505577
