∫≤bR∫ jR":AMY±’±…±≈›±≈’±¡Â±…¡≈±…¡±≈›±¡Õ±¡—›±±≈Â±…Ÿ±¡——±——±…¡±¡…±≈·≈±©›Ÿ5)ëAMY±’±Õ±≈›±……±¡—±¡·Ÿ±ÕÂ±…—±›Ÿ±…¡¡±ÕÂ±…’±…Õ±…Â’±—¡±…Â±≈Ÿ±…Õ¡±Õ›©›Õ5)ëAMY±’±—±≈›±Õ…±¡Â±Õ≈—±…·±ÕŸ±’¡±…¡≈±±—¡±——±≈—·±±—≈±…›±≈≈Ÿ±©›Ÿ5)ëAMY±’±’±≈›±—Â±—¡±……›±Õ¡©—…5)ë1MY±…±≈±¡·±ŸÂ±≈—±…’¡±…¡±›¡±≈—±Õ¡¡±…Â±›·±ÕŸ±¡·Ÿ±—¡±›Â±’—±¡¡Ÿ±ÕÕ©Ÿ…5)ë1MY±…±…±¡·±·¡±≈›±Õ≈’±ÕÕ±·≈±ŸÂ±≈…¡±Õ’±·…±Õ…±≈·Õ±ÕÕ±··±Õ…±¡Õ›±—≈©ŸŸ5)ë911±Õ…’…π›·Ÿ¡Ÿ±9±¡Õ’≈Ÿπ≈Â›’›±±¡ÂÕ¡ÕÂπ¡¡±±©››5)ˇ$GNRMC,093040.00,A,3252.78602,N,03516.19723,E,1.340,274.01,060226,,,D*7F	1770370255.482592
$GNVTG,274.01,T,,M,1.340,N,2.481,K,D*2F	1770370255.586566
$GNGGA,093040.00,3252.78602,N,03516.19723,E,2,12,0.77,257.0,M,18.9,M,,0000*4E	1770370255.690729
$GNGSA,A,3,24,06,12,19,11,29,25,,,,,,1.55,0.77,1.35*1D	1770370255.690781
$GNGSA,A,3,81,78,79,80,82,88,69,,,,,,1.55,0.77,1.35*1F	1770370255.794446
$GPGSV,5,1,17,06,37,071,45,11,43,132,39,12,56,330,40,13,02,176,*77	1770370255.794495
$GPGSV,5,2,17,15,09,201,18,17,03,047,,19,26,044,48,20,02,181,*71	1770370255.898521
$GPGSV,5,3,17,22,04,086,39,24,76,200,37,25,23,295,37,29,16,230,33*79	1770370256.002599
$GPGSV,5,4,17,32,09,314,29,36,50,201,,40,44,148,,41,27,116,*77	1770370256.002648
$GPGSV,5,5,17,49,40,227,31*43	1770370256.106466
$GLGSV,2,1,08,69,14,250,20,70,14,300,35,78,36,086,40,79,54,006,37*6B	1770370256.106514
$GLGSV,2,2,08,80,17,315,30,81,69,120,35,82,32,183,36,88,32,037,40*61	1770370256.210602
$GNGLL,3252.78602,N,03516.19723,E,093040.00,A,D*7E	1770370256.314631
$GNRMC,093041.00,A,3252.78609,N,03516.19670,E,1.688,276.73,060226,,,D*74	1770370256.522462
$GNVTG,276.73,T,,M,1.688,N,3.127,K,D*21	1770370256.522515
$GNGGA,093041.00,3252.78609,N,03516.19670,E,2,12,0.77,257.0,M,18.9,M,,0000*43	1770370256.626440
$GNGSA,A,3,24,06,12,19,11,29,25,,,,,,1.55,0.77,1.35*1D	1770370256.730540
$GNGSA,A,3,81,78,79,80,82,88,69,,,,,,1.55,0.77,1.35*1F	1770370256.730592
$GPGSV,5,1,17,06,37,071,45,11,43,132,37,12,56,330,38,13,02,176,*76	1770370256.834535
$GPGSV,5,2,17,15,09,201,18,17,03,047,,19,26,044,46,20,02,181,*7F	1770370256.938508
$GPGSV,5,3,17,22,04,086,38,24,76,200,39,25,23,295,34,29,16,230,31*77	1770370256.938560
$GPGSV,5,4,17,32,09,314,32,36,50,201,,40,44,148,,41,27,116,*7D	1770370257.042520
$GPGSV,5,5,17,49,40,227,31*43	1770370257.042571
$GLGSV,2,1,08,69,14,250,21,70,14,300,34,78,36,086,40,79,54,006,40*6B	1770370257.146479
$GLGSV,2,2,08,80,17,315,29,81,69,120,34,82,32,183,35,88,32,037,39*65	1770370257.250523
$GNGLL,3252.78609,N,03516.19670,E,093041.00,A,D*73	1770370257.250577
$GNRMC,093042.00,A,3252.78604,N,03516.19617,E,1.582,268.77,060226,,,D*79	1770370257.562507
$GNVTG,268.77,T,,M,1.582,N,2.930,K,D*2C	1770370257.562561
$GNGGA,093042.00,3252.78604,N,03516.19617,E,2,12,0.77,257.1,M,18.9,M,,0000*4D	1770370257.666459
$GNGSA,A,3,24,06,12,19,11,29,25,,,,,,1.55,0.77,1.35*1D	1770370257.666548
$GNGSA,A,3,81,78,79,80,82,88,69,,,,,,1.55,0.77,1.35*1F	1770370257.770531
$GPGSV,5,1,17,06,37,071,44,11,43,132,39,12,56,330,37,13,02,176,*76	1770370257.874467
$GPGSV,5,2,17,15,09,201,18,17,03,047,,19,26,044,44,20,02,181,*7D	1770370257.874519
$GPGSV,5,3,17,22,04,086,41,24,76,200,43,25,23,295,37,29,16,230,30*76	1770370257.978588
$GPGSV,5,4,17,32,09,314,24,36,50,201,,40,44,148,,41,27,116,*7A	1770370258.082548
$GPGSV,5,5,17,49,40,227,30*42	1770370258.082599
$GLGSV,2,1,08,69,14,250,21,70,14,300,33,78,36,086,42,79,54,006,38*61	1770370258.186492
$GLGSV,2,2,08,80,17,315,29,81,69,120,30,82,32,183,37,88,32,037,39*63	1770370258.186545
$GNGLL,3252.78604,N,03516.19617,E,093042.00,A,D*7C	1770370258.290489
$GNRMC,093043.00,A,3252.78588,N,03516.19577,E,1.294,257.80,060226,,,D*7E	1770370258.498516
$GNVTG,257.80,T,,M,1.294,N,2.396,K,D*2E	1770370258.602508
$GNGGA,093043.00,3252.78588,N,03516.19577,E,2,12,0.77,257.1,M,18.9,M,,0000*4E	1770370258.602560
$GNGSA,A,3,24,06,12,19,15,11,29,25,,,,,1.55,0.77,1.35*19	1770370258.706446
$GNGSA,A,3,81,78,79,80,82,88,69,,,,,,1.55,0.77,1.35*1F	1770370258.810661
$GPGSV,5,1,17,06,37,071,44,11,43,132,36,12,56,330,40,13,02,176,*79	1770370258.810710
$GPGSV,5,2,17,15,09,201,18,17,03,047,,19,26,044,46,20,02,181,*7F	1770370258.914551
$GPGSV,5,3,17,22,04,086,43,24,76,200,40,25,23,295,40,29,16,230,30*77	1770370259.018602
$GPGSV,5,4,17,32,09,314,25,36,50,201,,40,44,148,,41,27,116,*7B	1770370259.019110
$GPGSV,5,5,17,49,40,227,*41	1770370259.019169
$GLGSV,2,1,08,69,14,250,22,70,14,300,32,78,36,086,40,79,54,006,40*6E	1770370259.122709
$GLGSV,2,2,08,80,17,315,29,81,69,120,34,82,32,183,33,88,32,037,42*6F	1770370259.226501
$GNGLL,3252.78588,N,03516.19577,E,093043.00,A,D*7F	1770370259.226551
$GNRMC,093044.00,A,3252.78583,N,03516.19554,E,0.660,266.50,060226,,,D*72	1770370259.538528
$GNVTG,266.50,T,,M,0.660,N,1.222,K,D*22	1770370259.538582
$GNGGA,093044.00,3252.78583,N,03516.19554,E,2,12,0.77,257.1,M,18.9,M,,0000*43	1770370259.642471
$GNGSA,A,3,24,06,12,19,15,11,29,25,,,,,1.55,0.77,1.35*19	1770370259.746463
$GNGSA,A,3,81,78,79,80,82,88,69,,,,,,1.55,0.77,1.35*1F	1770370259.746512
$GPGSV,5,1,17,06,37,071,41,11,43,132,43,12,56,330,42,13,02,176,*7C	1770370259.850920
$GPGSV,5,2,17,15,09,201,18,17,03,047,,19,26,044,44,20,02,181,*7D	1770370259.954617
$GPGSV,5,3,17,22,04,086,41,24,76,200,38,25,23,295,40,29,16,230,29*72	1770370259.954666
$GPGSV,5,4,17,32,09,314,27,36,50,201,,40,44,148,,41,27,116,*79	1770370260.058586
$GPGSV,5,5,17,49,40,227,*41	1770370260.058641
$GLGSV,2,1,08,69,14,250,21,70,14,300,31,78,36,086,38,79,54,006,35*63	1770370260.162547
$GLGSV,2,2,08,80,17,315,28,81,69,120,33,82,32,183,36,88,32,037,42*6C	1770370260.162597
$GNGLL,3252.78583,N,03516.19554,E,093044.00,A,D*72	1770370260.266481
$GNRMC,093045.00,A,3252.78601,N,03516.19509,E,2.030,295.81,060226,,,D*73	1770370260.474468
$GNVTG,295.81,T,,M,2.030,N,3.760,K,D*22	1770370260.578508
$GNGGA,093045.00,3252.78601,N,03516.19509,E,2,12,0.77,257.2,M,18.9,M,,0000*40	1770370260.682533
$GNGSA,A,3,24,06,12,19,15,11,29,25,,,,,1.55,0.77,1.35*19	1770370260.682580
$GNGSA,A,3,81,78,79,80,82,88,69,,,,,,1.55,0.77,1.35*1F	1770370260.786471
$GPGSV,5,1,17,06,37,071,46,11,43,132,34,12,56,330,40,13,02,176,*79	1770370260.786557
$GPGSV,5,2,17,15,09,201,21,17,03,047,,19,26,044,42,20,02,181,*71	1770370260.890541
$GPGSV,5,3,17,22,04,086,39,24,76,200,38,25,23,295,34,29,16,230,28*7F	1770370260.994526
$GPGSV,5,4,17,32,09,314,25,36,50,201,,40,44,148,,41,27,116,*7B	1770370260.994576
$GPGSV,5,5,17,49,40,227,*41	1770370261.098487
$GLGSV,2,1,08,69,14,250,21,70,14,300,28,78,36,086,41,79,54,006,38*68	1770370261.098574
$GLGSV,2,2,08,80,17,315,27,81,69,120,34,82,32,183,38,88,32,037,39*66	1770370261.202616
$GNGLL,3252.78601,N,03516.19509,E,093045.00,A,D*72	1770370261.306445
$GNRMC,093046.00,A,3252.78621,N,03516.19440,E,2.376,291.63,060226,,,D*77	1770370261.514480
$GNVTG,291.63,T,,M,2.376,N,4.400,K,D*29	1770370261.514529
$GNGGA,093046.00,3252.78621,N,03516.19440,E,2,12,0.77,257.4,M,18.9,M,,0000*4B	1770370261.618472
$GNGSA,A,3,24,06,12,19,15,11,29,25,,,,,1.55,0.77,1.35*19	1770370261.722463
$GNGSA,A,3,81,78,79,80,82,88,69,,,,,,1.55,0.77,1.35*1F	1770370261.722512
$GPGSV,5,1,17,06,37,071,42,11,43,132,38,12,56,330,38,13,02,176,*7E	1770370261.826516
$GPGSV,5,2,17,15,09,201,20,17,03,047,,19,26,044,46,20,02,181,*74	1770370261.930566
$GPGSV,5,3,17,22,04,086,40,24,76,200,38,25,23,295,28,29,16,230,29*7D	1770370261.930619
$GPGSV,5,4,17,32,09,314,32,36,50,201,,40,44,148,,41,27,116,*7D	1770370262.034553
$GPGSV,5,5,17,49,40,227,*41	1770370262.034602
$GLGSV,2,1,08,69,14,250,21,70,14,300,27,78,36,086,39,79,54,006,39*69	1770370262.138498
$GLGSV,2,2,08,80,17,315,28,81,69,120,35,82,32,183,38,88,32,037,36*67	1770370262.242524
$GNGLL,3252.78621,N,03516.19440,E,093046.00,A,D*7F	1770370262.242577
$GNRMC,093047.00,A,3252.78643,N,03516.19363,E,2.585,290.59,060226,,,D*76	1770370262.554492
$GNVTG,290.59,T,,M,2.585,N,4.788,K,D*28	1770370262.554542
$GNGGA,093047.00,3252.78643,N,03516.19363,E,2,12,0.77,257.7,M,18.9,M,,0000*4B	1770370262.658595
$GNGSA,A,3,24,06,12,19,15,11,29,25,,,,,1.55,0.77,1.35*19	1770370262.658646
$GNGSA,A,3,81,78,79,80,82,88,69,,,,,,1.55,0.77,1.35*1F	1770370262.762521
$GPGSV,5,1,17,06,37,071,44,11,43,132,40,12,56,330,41,13,02,176,*79	1770370262.866479
$GPGSV,5,2,17,15,09,201,20,17,03,047,,19,26,044,46,20,02,181,*74	1770370262.866528
$GPGSV,5,3,17,22,04,086,38,24,76,200,36,25,23,295,28,29,16,230,28*7D	1770370262.970552
$GPGSV,5,4,17,32,09,314,32,36,50,201,,40,44,148,,41,27,116,*7D	1770370263.075781
$GPGSV,5,5,17,49,40,227,*41	1770370263.075847
$GLGSV,2,1,08,69,14,250,22,70,14,300,25,78,36,086,40,79,54,006,39*66	1770370263.178475
$GLGSV,2,2,08,80,17,315,28,81,69,120,35,82,32,183,36,88,32,037,35*6A	1770370263.178562
$GNGLL,3252.78643,N,03516.19363,E,093047.00,A,D*7C	1770370263.282496
$GNRMC,093048.00,A,3252.78659,N,03516.19277,E,2.803,285.55,060226,,,A*78	1770370263.490540
$GNVTG,285.55,T,,M,2.803,N,5.191,K,A*29	1770370263.594536
$GNGGA,093048.00,3252.78659,N,03516.19277,E,1,12,0.77,257.7,M,18.9,M,,*48	1770370263.594590
$GNGSA,A,3,24,06,12,19,15,11,29,25,,,,,1.55,0.77,1.35*19	1770370263.698544
$GNGSA,A,3,81,78,79,80,82,88,69,,,,,,1.55,0.77,1.35*1F	1770370263.698597
$GPGSV,5,1,17,06,37,071,43,11,43,132,42,12,56,330,43,13,02,176,*7E	1770370263.802667
$GPGSV,5,2,17,15,09,201,20,17,03,047,,19,26,044,47,20,02,181,*75	1770370263.906458
$GPGSV,5,3,17,22,04,086,37,24,76,200,32,25,23,295,29,29,16,230,27*78	1770370263.906507
$GPGSV,5,4,17,32,09,314,26,36,50,201,,40,44,148,,41,27,116,*78	1770370264.010610
$GPGSV,5,5,17,49,40,227,*41	1770370264.010669
$GLGSV,2,1,08,69,14,250,22,70,14,300,24,78,36,086,40,79,54,006,38*66	1770370264.114453
$GLGSV,2,2,08,80,17,315,34,81,69,120,34,82,32,183,38,88,32,037,31*6C	1770370264.218506
$GNGLL,3252.78659,N,03516.19277,E,093048.00,A,A*79	1770370264.218559
$GNRMC,093049.00,A,3252.78672,N,03516.19190,E,2.755,283.14,060226,,,A*75	1770370264.530521
$GNVTG,283.14,T,,M,2.755,N,5.102,K,A*2C	1770370264.530572
$GNGGA,093049.00,3252.78672,N,03516.19190,E,1,12,0.77,257.9,M,18.9,M,,*44	1770370264.634463
$GNGSA,A,3,24,06,12,19,15,11,29,25,,,,,1.55,0.77,1.35*19	1770370264.634511
$GNGSA,A,3,81,78,79,80,82,88,69,,,,,,1.55,0.77,1.35*1F	1770370264.738537
$GPGSV,5,1,17,06,37,071,42,11,43,132,41,12,56,330,45,13,02,176,*7A	1770370264.842500
$GPGSV,5,2,17,15,09,201,20,17,03,047,,19,26,044,41,20,02,181,*73	1770370264.842548
$GPGSV,5,3,17,22,04,086,33,24,76,200,32,25,23,295,29,29,16,230,26*7D	1770370264.946643
$GPGSV,5,4,17,32,09,314,33,36,50,201,33,40,44,148,,41,27,116,*7C	1770370265.050541
$GPGSV,5,5,17,49,40,227,*41	1770370265.050594
$GLGSV,2,1,08,69,14,250,22,70,14,300,24,78,36,086,42,79,54,006,37*6B	1770370265.154498
$GLGSV,2,2,08,80,17,315,33,81,69,120,34,82,32,183,35,88,32,037,38*6F	1770370265.154548
$GNGLL,3252.78672,N,03516.19190,E,093049.00,A,A*7B	1770370265.258461
$GNRMC,093050.00,A,3252.78678,N,03516.19107,E,2.570,280.40,060226,,,A*7E	1770370265.466460
$GNVTG,280.40,T,,M,2.570,N,4.760,K,A*28	1770370265.570508
$GNGGA,093050.00,3252.78678,N,03516.19107,E,1,12,0.77,258.1,M,18.9,M,,*4F	1770370265.570596
$GNGSA,A,3,24,06,12,19,15,11,29,25,,,,,1.55,0.77,1.35*19	1770370265.674462
$GNGSA,A,3,81,78,79,80,82,88,69,,,,,,1.55,0.77,1.35*1F	1770370265.778523
$GPGSV,5,1,17,06,37,071,45,11,43,132,43,12,56,330,44,13,02,176,*7E	1770370265.778577
$GPGSV,5,2,17,15,09,201,21,17,03,047,,19,26,044,43,20,02,181,*70	1770370265.882477
$GPGSV,5,3,17,22,04,086,33,24,76,200,36,25,23,295,28,29,16,230,25*7B	1770370265.986482
$GPGSV,5,4,17,32,09,314,33,36,50,201,34,40,44,148,,41,27,116,*7B	1770370265.986531
$GPGSV,5,5,17,49,40,227,*41	1770370266.090524
$GLGSV,2,1,08,69,14,250,22,70,14,300,24,78,36,086,42,79,54,006,35*69	1770370266.090574
$GLGSV,2,2,08,80,17,315,34,81,69,120,34,82,32,183,38,88,32,037,37*6A	1770370266.194769
$GNGLL,3252.78678,N,03516.19107,E,093050.00,A,A*77	1770370266.298473
$GNRMC,093051.00,A,3252.78675,N,03516.19021,E,2.726,275.35,060226,,,A*7E	1770370266.506479
$GNVTG,275.35,T,,M,2.726,N,5.049,K,A*2C	1770370266.506529
$GNGGA,093051.00,3252.78675,N,03516.19021,E,1,12,0.85,258.6,M,18.9,M,,*4C	1770370266.610815
$GNGSA,A,3,24,06,12,19,15,11,29,25,,,,,1.72,0.85,1.49*1A	1770370266.714489
$GNGSA,A,3,81,78,79,80,82,88,69,,,,,,1.72,0.85,1.49*1C	1770370266.714539
$GPGSV,5,1,17,06,37,071,45,11,43,132,33,12,56,330,43,13,02,176,*7E	1770370266.818618
$GPGSV,5,2,17,15,09,201,21,17,03,047,,19,26,044,41,20,02,181,*72	1770370266.922512
$GPGSV,5,3,17,22,04,086,33,24,76,200,31,25,23,295,29,29,16,230,25*7D	1770370266.922563
$GPGSV,5,4,17,32,09,314,31,36,50,201,,40,44,148,,41,27,116,*7E	1770370267.026490
$GPGSV,5,5,17,49,40,227,*41	1770370267.026866
$GLGSV,2,1,08,69,14,250,23,70,14,300,23,78,36,086,42,79,54,006,37*6D	1770370267.130678
$GLGSV,2,2,08,80,17,315,35,81,69,120,32,82,32,183,30,88,32,037,40*65	1770370267.234496
$GNGLL,3252.78675,N,03516.19021,E,093051.00,A,A*7E	1770370267.234549
$GNRMC,093052.00,A,3252.78667,N,03516.18938,E,2.337,269.09,060226,,,A*78	1770370267.546618
$GNVTG,269.09,T,,M,2.337,N,4.329,K,A*2E	1770370267.546672
$GNGGA,093052.00,3252.78667,N,03516.18938,E,1,12,0.85,258.8,M,18.9,M,,*42	1770370267.650559
$GNGSA,A,3,24,06,12,19,15,11,29,25,,,,,1.72,0.85,1.50*12	1770370267.650611
$GNGSA,A,3,81,78,79,80,82,88,69,,,,,,1.72,0.85,1.50*14	1770370267.754761
$GPGSV,5,1,17,06,37,071,42,11,43,132,41,12,56,330,39,13,02,176,*71	1770370267.858507
$GPGSV,5,2,17,15,09,201,16,17,03,047,,19,26,044,39,20,02,181,*79	1770370267.858558
$GPGSV,5,3,17,22,04,086,29,24,76,200,34,25,23,295,23,29,16,230,22*7E	1770370267.962545
$GPGSV,5,4,17,32,09,314,30,36,50,201,,40,44,148,,41,27,116,*7F	1770370268.070506
$GPGSV,5,5,17,49,40,227,*41	1770370268.070577
$GLGSV,2,1,08,69,14,250,23,70,14,300,,78,36,086,39,79,54,006,34*63	1770370268.178491
$GLGSV,2,2,08,80,17,315,32,81,69,120,28,82,32,183,31,88,32,037,32*6D	1770370268.178541
$GNGLL,3252.78667,N,03516.18938,E,093052.00,A,A*7E	1770370268.282449
$GNRMC,093053.00,A,3252.78676,N,03516.18874,E,2.172,274.31,060226,,,A*74	1770370268.490598
$GNVTG,274.31,T,,M,2.172,N,4.022,K,A*22	1770370268.594530
$GNGGA,093053.00,3252.78676,N,03516.18874,E,1,12,0.77,259.8,M,18.9,M,,*46	1770370268.594582
$GNGSA,A,3,24,06,12,19,15,11,29,25,,,,,1.55,0.77,1.35*19	1770370268.698580
$GNGSA,A,3,81,78,79,80,82,88,69,,,,,,1.55,0.77,1.35*1F	1770370268.698630
$GPGSV,5,1,17,06,37,071,41,11,43,132,41,12,56,330,40,13,02,176,*7C	1770370268.802486
$GPGSV,5,2,17,15,09,201,16,17,03,047,,19,26,044,43,20,02,181,*74	1770370268.906553
$GPGSV,5,3,17,22,04,086,32,24,76,200,30,25,23,295,25,29,16,230,23*77	1770370268.906606
$GPGSV,5,4,17,32,09,314,24,36,50,201,,40,44,148,,41,27,116,*7A	1770370269.010647
$GPGSV,5,5,17,49,40,227,*41	1770370269.010699
$GLGSV,2,1,08,69,14,250,24,70,14,300,,78,36,086,42,79,54,006,37*6B	1770370269.114596
$GLGSV,2,2,08,80,17,315,32,81,69,120,27,82,32,183,26,88,32,037,39*6F	1770370269.218545
$GNGLL,3252.78676,N,03516.18874,E,093053.00,A,A*76	1770370269.218595
$GNRMC,093054.00,A,3252.78677,N,03516.18797,E,2.368,274.46,060226,,,A*79	1770370269.530602
$GNVTG,274.46,T,,M,2.368,N,4.385,K,A*25	1770370269.530657
$GNGGA,093054.00,3252.78677,N,03516.18797,E,1,12,0.77,260.1,M,18.9,M,,*41	1770370269.634474
$GNGSA,A,3,24,06,12,19,15,11,29,25,,,,,1.55,0.77,1.35*19	1770370269.634563
$GNGSA,A,3,81,78,79,80,82,88,69,,,,,,1.55,0.77,1.35*1F	1770370269.738464
$GPGSV,5,1,18,06,37,071,43,11,43,132,37,12,56,330,41,13,02,176,*71	1770370269.842597
$GPGSV,5,2,18,15,09,201,14,17,03,047,,19,26,044,40,20,02,181,*7A	1770370269.842646
$GPGSV,5,3,18,22,04,086,32,24,76,200,29,25,23,295,25,29,16,230,23*70	1770370269.946499
$GPGSV,5,4,18,32,09,314,29,36,50,201,,40,44,148,,41,27,116,*78	1770370270.050635
$GPGSV,5,5,18,42,,,34,49,40,227,*4F	1770370270.050684
$GLGSV,2,1,08,69,14,250,23,70,14,300,,78,36,086,41,79,54,006,36*6E	1770370270.154472
$GLGSV,2,2,08,80,17,315,36,81,69,120,35,82,32,183,34,88,32,037,39*6B	1770370270.258767
$GNGLL,3252.78677,N,03516.18797,E,093054.00,A,A*72	1770370270.258821
$GNRMC,093055.00,A,3252.78687,N,03516.18707,E,2.955,278.42,060226,,,A*72	1770370270.466470
$GNVTG,278.42,T,,M,2.955,N,5.473,K,A*26	1770370270.570530
$GNGGA,093055.00,3252.78687,N,03516.18707,E,1,12,0.77,260.6,M,18.9,M,,*41	1770370270.674477
$GNGSA,A,3,24,06,12,19,11,29,25,,,,,,1.55,0.77,1.35*1D	1770370270.674526
$GNGSA,A,3,81,78,79,80,82,88,69,,,,,,1.55,0.77,1.35*1F	1770370270.778468
$GPGSV,5,1,18,06,37,071,42,11,43,132,35,12,56,330,38,13,02,176,*7C	1770370270.778519
$GPGSV,5,2,18,15,09,201,,17,03,047,,19,26,044,41,20,02,181,*7E	1770370270.882474
$GPGSV,5,3,18,22,04,086,33,24,76,200,31,25,23,295,25,29,16,230,23*78	1770370270.986523
$GPGSV,5,4,18,32,09,314,28,36,50,201,,40,44,148,,41,27,116,*79	1770370270.986573
$GPGSV,5,5,18,42,,,37,49,40,227,*4C	1770370271.090608
$GLGSV,2,1,08,69,14,250,23,70,14,300,,78,36,086,39,79,54,006,41*61	1770370271.090662
$GLGSV,2,2,08,80,17,315,34,81,69,120,29,82,32,183,34,88,32,037,35*68	1770370271.194513
$GNGLL,3252.78687,N,03516.18707,E,093055.00,A,A*75	1770370271.298502
$GNRMC,093056.00,A,3252.78709,N,03516.18629,E,2.464,282.34,060226,,,A*70	1770370271.506470
$GNVTG,282.34,T,,M,2.464,N,4.564,K,A*2B	1770370271.506521
$GNGGA,093056.00,3252.78709,N,03516.18629,E,1,12,0.77,261.5,M,18.9,M,,*4A	1770370271.610598
$GNGSA,A,3,24,06,12,19,11,29,25,,,,,,1.55,0.77,1.35*1D	1770370271.714496
$GNGSA,A,3,81,78,79,80,82,88,69,,,,,,1.55,0.77,1.35*1F	1770370271.714546
$GPGSV,5,1,18,06,37,071,43,11,43,132,38,12,56,330,40,13,02,176,*7F	1770370271.818547
$GPGSV,5,2,18,15,09,201,,17,03,047,,19,26,044,38,20,02,181,*70	1770370271.922500
$GPGSV,5,3,18,22,04,086,34,24,76,200,32,25,23,295,25,29,16,230,23*7C	1770370271.922550
$GPGSV,5,4,18,32,09,314,26,36,50,201,,40,44,148,,41,27,116,*77	1770370272.026488
$GPGSV,5,5,18,42,,,35,49,40,227,*4E	1770370272.026538
$GLGSV,2,1,08,69,14,250,22,70,14,300,,78,36,086,39,79,54,006,41*60	1770370272.130606
$GLGSV,2,2,08,80,17,315,31,81,69,120,34,82,32,183,31,88,32,037,39*68	1770370272.234512
$GNGLL,3252.78709,N,03516.18629,E,093056.00,A,A*7C	1770370272.234562
$GNRMC,093057.00,A,3252.78724,N,03516.18547,E,2.542,282.50,060226,,,A*72	1770370272.546571
$GNVTG,282.50,T,,M,2.542,N,4.709,K,A*25	1770370272.546624
$GNGGA,093057.00,3252.78724,N,03516.18547,E,1,12,0.77,261.7,M,18.9,M,,*4D	1770370272.650654
$GNGSA,A,3,24,06,12,19,11,29,25,,,,,,1.55,0.77,1.35*1D	1770370272.650703
$GNGSA,A,3,81,78,79,80,82,88,69,,,,,,1.55,0.77,1.35*1F	1770370272.754553
$GPGSV,5,1,18,06,37,071,42,11,43,132,34,12,56,330,37,13,02,176,*72	1770370272.858511
$GPGSV,5,2,18,15,09,201,,17,03,047,,19,26,044,41,20,02,181,*7E	1770370272.858559
$GPGSV,5,3,18,22,04,086,34,24,76,200,37,25,23,295,26,29,16,230,23*7A	1770370272.962515
$GPGSV,5,4,18,32,09,314,25,36,50,201,34,40,44,148,,41,27,116,*73	1770370273.067244
$GPGSV,5,5,18,42,,,35,49,40,227,*4E	1770370273.067304
$GLGSV,2,1,08,69,14,249,22,70,14,300,21,78,36,086,38,79,54,006,38*64	1770370273.170699
$GLGSV,2,2,08,80,17,315,23,81,69,120,29,82,32,183,31,88,32,037,36*68	1770370273.170753
$GNGLL,3252.78724,N,03516.18547,E,093057.00,A,A*79	1770370273.274533
$GNRMC,093058.00,A,3252.78734,N,03516.18469,E,2.464,280.12,060226,,,A*70	1770370273.482541
$GNVTG,280.12,T,,M,2.464,N,4.564,K,A*2D	1770370273.586552
$GNGGA,093058.00,3252.78734,N,03516.18469,E,1,12,0.77,262.1,M,18.9,M,,*4B	1770370273.586604
$GNGSA,A,3,24,06,12,19,11,29,25,,,,,,1.66,0.77,1.47*18	1770370273.690588
$GNGSA,A,3,81,78,79,80,82,88,69,,,,,,1.66,0.77,1.47*1A	1770370273.690641
$GPGSV,5,1,18,06,37,071,41,11,43,132,35,12,56,330,39,13,02,176,*7E	1770370273.794737
$GPGSV,5,2,18,15,09,201,20,17,03,047,,19,26,044,40,20,02,181,*7D	1770370273.898690
$GPGSV,5,3,18,22,04,086,36,24,76,200,41,25,23,295,26,29,16,230,25*7F	1770370274.002477
$GPGSV,5,4,18,32,09,314,24,36,50,201,34,40,44,148,,41,27,116,*72	1770370274.002564
$GPGSV,5,5,18,42,,,39,49,40,227,*42	1770370274.106484
$GLGSV,2,1,08,69,14,249,22,70,14,299,20,78,36,086,41,79,54,006,39*6B	1770370274.106533
$GLGSV,2,2,08,80,17,315,25,81,69,120,34,82,32,183,27,88,32,037,37*64	1770370274.210604
$GNGLL,3252.78734,N,03516.18469,E,093058.00,A,A*7A	1770370274.210656
$GNRMC,093059.00,A,3252.78737,N,03516.18392,E,2.399,274.75,060226,,,A*7E	1770370274.522473
$GNVTG,274.75,T,,M,2.399,N,4.442,K,A*27	1770370274.522522
$GNGGA,093059.00,3252.78737,N,03516.18392,E,1,12,0.77,262.8,M,18.9,M,,*43	1770370274.626459
$GNGSA,A,3,24,06,12,19,11,29,25,,,,,,1.55,0.77,1.35*1D	1770370274.730577
$GNGSA,A,3,81,78,79,80,82,88,69,,,,,,1.55,0.77,1.35*1F	1770370274.730666
$GPGSV,5,1,18,06,37,071,43,11,43,132,40,12,56,330,30,13,02,176,*77	1770370274.834554
$GPGSV,5,2,18,15,09,201,,17,03,047,,19,26,044,38,20,02,181,*70	1770370274.834607
$GPGSV,5,3,18,22,04,086,34,24,76,200,36,25,23,295,26,29,16,230,26*7E	1770370274.938562
$GPGSV,5,4,18,32,09,314,23,36,50,201,39,40,44,148,,41,27,116,*78	1770370275.042480
$GPGSV,5,5,18,42,,,39,49,40,227,*42	1770370275.042529
$GLGSV,2,1,08,69,14,249,24,70,14,299,21,78,36,086,38,79,54,006,38*63	1770370275.146472
$GLGSV,2,2,08,80,17,315,25,81,69,120,34,82,32,183,35,88,32,037,36*66	1770370275.250537
$GNGLL,3252.78737,N,03516.18392,E,093059.00,A,A*7B	1770370275.250588
$GNRMC,093100.00,A,3252.78735,N,03516.18320,E,2.153,273.85,060226,,,A*74	1770370275.458618
$GNVTG,273.85,T,,M,2.153,N,3.987,K,A*28	1770370275.562545
$GNGGA,093100.00,3252.78735,N,03516.18320,E,1,12,0.77,263.5,M,18.9,M,,*49	1770370275.666531
$GNGSA,A,3,24,06,12,19,11,29,25,,,,,,1.55,0.77,1.35*1D	1770370275.666584
$GNGSA,A,3,81,78,79,80,82,88,69,,,,,,1.55,0.77,1.35*1F	1770370275.770580
$GPGSV,5,1,18,06,37,071,41,11,43,132,36,12,56,330,33,13,02,176,*77	1770370275.770634
$GPGSV,5,2,18,15,09,201,,17,03,047,,19,26,044,38,20,02,181,*70	1770370275.874500
$GPGSV,5,3,18,22,04,086,36,24,76,200,35,25,23,295,26,29,16,230,32*7A	1770370275.978521
$GPGSV,5,4,18,32,09,314,24,36,50,201,40,40,44,148,,41,27,116,*71	1770370275.978612
$GPGSV,5,5,18,42,,,32,49,40,227,*49	1770370276.082600
$GLGSV,2,1,08,69,14,249,23,70,14,299,22,78,36,086,39,79,54,006,32*6C	1770370276.082651
$GLGSV,2,2,08,80,17,315,26,81,69,120,34,82,32,183,32,88,32,037,34*60	1770370276.186520
$GNGLL,3252.78735,N,03516.18320,E,093100.00,A,A*7D	1770370276.290513
$GNRMC,093101.00,A,3252.78726,N,03516.18230,E,2.462,273.44,060226,,,A*7D	1770370276.498529
$GNVTG,273.44,T,,M,2.462,N,4.559,K,A*2A	1770370276.498582
$GNGGA,093101.00,3252.78726,N,03516.18230,E,1,12,0.77,263.1,M,18.9,M,,*4E	1770370276.602486
$GNGSA,A,3,24,06,12,19,11,29,25,,,,,,1.55,0.77,1.35*1D	1770370276.706504
$GNGSA,A,3,81,78,79,80,82,88,69,,,,,,1.55,0.77,1.35*1F	1770370276.706756
$GPGSV,5,1,18,06,37,071,41,11,43,132,38,12,56,330,30,13,02,176,*7A	1770370276.810624
$GPGSV,5,2,18,15,09,201,,17,03,047,,19,26,044,40,20,02,181,*7F	1770370276.914526
$GPGSV,5,3,18,22,04,086,36,24,76,200,40,25,23,295,26,29,16,230,30*7A	1770370276.914575
$GPGSV,5,4,18,32,09,314,24,36,50,201,38,40,44,148,,41,27,116,*7E	1770370277.018569
$GPGSV,5,5,18,42,,,28,49,40,227,*42	1770370277.018618
$GLGSV,2,1,08,69,14,249,22,70,14,299,28,78,36,086,38,79,54,006,33*67	1770370277.122550
$GLGSV,2,2,08,80,17,315,27,81,69,120,33,82,32,183,36,88,32,037,37*61	1770370277.226525
$GNGLL,3252.78726,N,03516.18230,E,093101.00,A,A*7E	1770370277.226579
$GNRMC,093102.00,A,3252.78728,N,03516.18150,E,2.291,274.15,060226,,,A*7C	1770370277.538542
$GNVTG,274.15,T,,M,2.291,N,4.243,K,A*2F	1770370277.538591
$GNGGA,093102.00,3252.78728,N,03516.18150,E,1,12,0.77,263.2,M,18.9,M,,*45	1770370277.642490
$GNGSA,A,3,24,06,12,19,11,29,25,,,,,,1.55,0.77,1.35*1D	1770370277.642541
$GNGSA,A,3,81,78,79,80,82,88,69,,,,,,1.55,0.77,1.35*1F	1770370277.746592
$GPGSV,5,1,18,06,37,071,42,11,43,132,42,12,56,330,25,13,02,176,*70	1770370277.850554
$GPGSV,5,2,18,15,09,201,20,17,03,047,,19,26,044,37,20,02,181,*7D	1770370277.850605
$GPGSV,5,3,18,22,04,086,36,24,76,200,36,25,23,295,26,29,16,230,28*72	1770370277.954588
$GPGSV,5,4,18,32,09,314,25,36,50,201,36,40,44,148,,41,27,116,*71	1770370278.058658
$GPGSV,5,5,18,42,,,29,49,40,227,*43	1770370278.058709
$GLGSV,2,1,08,69,14,249,21,70,14,299,,78,36,086,39,79,54,006,32*6E	1770370278.162472
$GLGSV,2,2,08,80,17,315,26,81,69,120,37,82,32,183,34,88,32,037,30*61	1770370278.162525
$GNGLL,3252.78728,N,03516.18150,E,093102.00,A,A*76	1770370278.266519
$GNRMC,093103.00,A,3252.78720,N,03516.18090,E,1.498,271.21,060226,,,A*76	1770370278.474488
$GNVTG,271.21,T,,M,1.498,N,2.775,K,A*27	1770370278.578535
$GNGGA,093103.00,3252.78720,N,03516.18090,E,1,12,0.77,263.3,M,18.9,M,,*40	1770370278.578587
$GNGSA,A,3,24,06,12,19,11,29,25,,,,,,1.55,0.77,1.35*1D	1770370278.682500
$GNGSA,A,3,81,78,79,80,82,88,69,,,,,,1.55,0.77,1.35*1F	1770370278.786840
$GPGSV,5,1,18,06,37,071,43,11,43,132,40,12,56,330,32,13,02,176,*75	1770370278.786903
$GPGSV,5,2,18,15,09,201,20,17,03,047,,19,26,044,37,20,02,181,*7D	1770370278.890800
$GPGSV,5,3,18,22,04,086,36,24,76,200,34,25,23,295,25,29,16,230,30*7A	1770370278.994524
$GPGSV,5,4,18,32,09,314,26,36,50,201,37,40,44,148,,41,27,116,*73	1770370278.994572
$GPGSV,5,5,18,42,,,33,49,40,227,*48	1770370279.098604
$GLGSV,2,1,08,69,14,249,20,70,14,299,,78,36,086,39,79,54,006,28*64	1770370279.098923
$GLGSV,2,2,08,80,17,315,25,81,69,120,35,82,32,183,36,88,32,037,35*67	1770370279.202570
$GNGLL,3252.78720,N,03516.18090,E,093103.00,A,A*72	1770370279.306458
$GNRMC,093104.00,A,3252.78731,N,03516.18018,E,2.544,280.17,060226,,,A*79	1770370279.514537
$GNVTG,280.17,T,,M,2.544,N,4.712,K,A*28	1770370279.514589
$GNGGA,093104.00,3252.78731,N,03516.18018,E,1,12,0.77,264.1,M,18.9,M,,*42	1770370279.618509
$GNGSA,A,3,24,06,12,19,11,29,25,,,,,,1.55,0.77,1.35*1D	1770370279.722496
$GNGSA,A,3,81,78,79,80,82,88,69,,,,,,1.55,0.77,1.35*1F	1770370279.722544
$GPGSV,5,1,18,06,37,071,40,11,43,132,44,12,56,330,34,13,02,176,*74	1770370279.826492
$GPGSV,5,2,18,15,09,201,19,17,03,047,,19,26,044,40,20,02,181,*77	1770370279.930553
$GPGSV,5,3,18,22,04,086,29,24,76,200,37,25,23,295,25,29,16,230,24*72	1770370279.930605
$GPGSV,5,4,18,32,09,314,26,36,50,201,38,40,44,148,,41,27,116,*7C	1770370280.034496
$GPGSV,5,5,18,42,,,33,49,40,227,*48	1770370280.034544
$GLGSV,2,1,08,69,14,249,21,70,14,299,,78,36,086,40,79,54,006,32*60	1770370280.139427
$GLGSV,2,2,08,80,17,315,26,81,69,120,35,82,32,183,30,88,32,037,32*65	1770370280.242479
$GNGLL,3252.78731,N,03516.18018,E,093104.00,A,A*75	1770370280.242530
$GNRMC,093105.00,A,3252.78754,N,03516.17948,E,2.351,283.67,060226,,,A*7E	1770370280.554529
$GNVTG,283.67,T,,M,2.351,N,4.353,K,A*2F	1770370280.554579
$GNGGA,093105.00,3252.78754,N,03516.17948,E,1,12,0.72,265.0,M,18.9,M,,*46	1770370280.658625
$GNGSA,A,3,24,06,12,19,15,11,29,25,,,,,1.40,0.72,1.20*1C	1770370280.658677
$GNGSA,A,3,81,78,79,80,82,88,69,,,,,,1.40,0.72,1.20*1A	1770370280.762476
$GPGSV,5,1,18,06,37,071,23,11,43,132,42,12,56,330,34,13,02,176,*77	1770370280.866506
$GPGSV,5,2,18,15,09,201,20,17,03,047,,19,26,044,39,20,02,181,*73	1770370280.866555
$GPGSV,5,3,18,22,04,086,34,24,76,200,38,25,23,295,26,29,16,230,25*73	1770370280.970691
$GPGSV,5,4,18,32,09,314,27,36,50,201,35,40,44,148,,41,27,116,*70	1770370281.075518
$GPGSV,5,5,18,42,,,36,49,40,227,*4D	1770370281.075574
$GLGSV,2,1,08,69,14,249,21,70,14,299,23,78,36,086,38,79,54,006,28*65	1770370281.178581
$GLGSV,2,2,08,80,17,315,25,81,69,120,36,82,32,183,29,88,32,037,34*6B	1770370281.178634
$GNGLL,3252.78754,N,03516.17948,E,093105.00,A,A*74	1770370281.282466
$GNRMC,093106.00,A,3252.78783,N,03516.17886,E,2.030,294.83,060226,,,A*7C	1770370281.490544
$GNVTG,294.83,T,,M,2.030,N,3.760,K,A*24	1770370281.594525
$GNGGA,093106.00,3252.78783,N,03516.17886,E,1,12,0.72,264.7,M,18.9,M,,*4A	1770370281.594578
$GNGSA,A,3,24,06,12,19,15,11,29,25,,,,,1.40,0.72,1.20*1C	1770370281.698985
$GNGSA,A,3,81,78,79,80,82,88,69,,,,,,1.40,0.72,1.20*1A	1770370281.699037
$GPGSV,5,1,18,06,37,071,29,11,43,132,42,12,56,330,35,13,02,176,*7C	1770370281.802709
$GPGSV,5,2,18,15,09,201,21,17,03,047,,19,26,044,38,20,02,181,*73	1770370281.906515
$GPGSV,5,3,18,22,04,086,37,24,76,200,36,25,23,295,25,29,16,230,25*7D	1770370281.906567
$GPGSV,5,4,18,32,09,314,25,36,50,201,36,40,44,148,,41,27,116,*71	1770370282.010559
$GPGSV,5,5,18,42,,,29,49,40,227,*43	1770370282.114509
$GLGSV,2,1,08,69,14,249,21,70,14,299,24,78,36,087,39,79,54,006,33*68	1770370282.114558
$GLGSV,2,2,08,80,17,315,27,81,69,120,34,82,32,183,28,88,32,037,33*6D	1770370282.218481
$GNGLL,3252.78783,N,03516.17886,E,093106.00,A,A*7E	1770370282.218530
$GNRMC,093107.00,A,3252.78810,N,03516.17823,E,2.367,286.81,060226,,,A*77	1770370282.530592
$GNVTG,286.81,T,,M,2.367,N,4.383,K,A*2A	1770370282.530647
$GNGGA,093107.00,3252.78810,N,03516.17823,E,1,12,0.72,265.7,M,18.9,M,,*40	1770370282.634496
$GNGSA,A,3,24,06,12,19,15,11,29,25,,,,,1.40,0.72,1.20*1C	1770370282.738611
$GNGSA,A,3,81,78,79,80,82,88,69,,,,,,1.40,0.72,1.20*1A	1770370282.738663
$GPGSV,5,1,18,06,37,071,30,11,43,132,39,12,56,330,41,13,02,176,*7B	1770370282.842478
$GPGSV,5,2,18,15,09,201,22,17,03,047,,19,26,044,43,20,02,181,*7C	1770370282.842527
$GPGSV,5,3,18,22,04,086,34,24,76,200,37,25,23,295,30,29,16,230,24*7A	1770370282.946468
$GPGSV,5,4,18,32,09,314,25,36,50,201,33,40,44,148,,41,27,116,*74	1770370283.050581
$GPGSV,5,5,18,42,,,36,49,40,227,*4D	1770370283.050634
$GLGSV,2,1,08,69,14,249,21,70,14,299,23,78,36,087,40,79,54,007,43*67	1770370283.154502
$GLGSV,2,2,08,80,17,315,28,81,69,120,37,82,32,183,21,88,32,037,34*6F	1770370283.259539
$GNGLL,3252.78810,N,03516.17823,E,093107.00,A,A*75	1770370283.259592
$GNRMC,093108.00,A,3252.78817,N,03516.17744,E,2.219,283.37,060226,,,A*71	1770370283.466540
$GNVTG,283.37,T,,M,2.219,N,4.109,K,A*2A	1770370283.570636
$GNGGA,093108.00,3252.78817,N,03516.17744,E,1,12,0.72,266.1,M,18.9,M,,*43	1770370283.674481
$GNGSA,A,3,24,06,12,19,15,11,29,25,,,,,1.40,0.72,1.20*1C	1770370283.674567
$GNGSA,A,3,81,78,79,80,82,88,69,,,,,,1.40,0.72,1.20*1A	1770370283.778504
$GPGSV,5,1,18,06,37,071,30,11,43,132,42,12,56,330,43,13,02,176,*75	1770370283.778554
$GPGSV,5,2,18,15,09,201,20,17,03,047,,19,26,044,42,20,02,181,*7F	1770370283.884532
$GPGSV,5,3,18,22,04,086,38,24,76,200,35,25,23,295,33,29,16,230,24*77	1770370283.998830
$GPGSV,5,4,18,32,09,314,25,36,50,201,33,40,44,148,,41,27,116,*74	1770370283.998889
$GPGSV,5,5,18,42,,,33,49,40,227,*48	1770370284.111468
$GLGSV,2,1,08,69,14,249,21,70,14,299,28,78,36,087,37,79,54,007,37*6F	1770370284.111528
$GLGSV,2,2,08,80,17,315,29,81,69,120,30,82,32,183,30,88,32,037,35*68	1770370284.217329
$GNGLL,3252.78817,N,03516.17744,E,093108.00,A,A*73	1770370284.217373
$GNRMC,093109.00,A,3252.78834,N,03516.17670,E,2.337,284.85,060226,,,A*74	1770370284.531688
$GNVTG,284.85,T,,M,2.337,N,4.327,K,A*27	1770370284.531733
$GNGGA,093109.00,3252.78834,N,03516.17670,E,1,12,0.77,267.1,M,18.9,M,,*41	1770370284.635719
$GNGSA,A,3,24,06,12,19,15,11,29,25,,,,,1.66,0.77,1.47*1C	1770370284.635760
$GNGSA,A,3,81,78,79,80,82,88,69,,,,,,1.66,0.77,1.47*1A	1770370284.739790
$GPGSV,5,1,18,06,37,071,31,11,43,132,31,12,56,330,36,13,02,176,*72	1770370284.843735
$GPGSV,5,2,18,15,09,201,17,17,03,047,,19,26,044,38,20,02,181,*76	1770370284.843778
$GPGSV,5,3,18,22,04,086,33,24,76,200,32,25,23,295,28,29,16,230,24*71	1770370284.947676
$GPGSV,5,4,18,32,09,314,25,36,50,201,30,40,44,148,,41,27,116,*77	1770370285.051721
$GPGSV,5,5,18,42,,,33,49,40,227,*48	1770370285.051762
$GLGSV,2,1,08,69,14,249,23,70,14,299,26,78,36,087,39,79,54,007,35*6F	1770370285.155722
$GLGSV,2,2,08,80,17,315,30,81,69,120,36,82,32,183,21,88,32,037,38*6B	1770370285.259769
$GNGLL,3252.78834,N,03516.17670,E,093109.00,A,A*75	1770370285.259811
$GNRMC,093110.00,A,3252.78833,N,03516.17553,E,3.188,275.99,060226,,,A*7D	1770370285.468382
$GNVTG,275.99,T,,M,3.188,N,5.904,K,A*29	1770370285.572436
$GNGGA,093110.00,3252.78833,N,03516.17553,E,1,12,0.77,266.4,M,18.9,M,,*48	1770370285.572489
$GNGSA,A,3,24,06,12,19,15,11,29,25,,,,,1.66,0.77,1.47*1C	1770370285.676362
$GNGSA,A,3,81,78,79,80,82,88,69,,,,,,1.66,0.77,1.47*1A	1770370285.780460
$GPGSV,5,1,18,06,37,071,39,11,43,132,39,12,56,330,41,13,02,176,*72	1770370285.780514
$GPGSV,5,2,18,15,09,201,19,17,03,047,,19,26,044,41,20,02,181,*76	1770370285.884327
$GPGSV,5,3,18,22,04,086,36,24,76,200,36,25,23,295,28,29,16,230,24*70	1770370285.988365
$GPGSV,5,4,18,32,09,314,25,36,50,201,35,40,44,148,,41,27,116,*72	1770370285.988414
$GPGSV,5,5,18,42,,,36,49,40,227,*4D	1770370286.092467
$GLGSV,2,1,08,69,14,249,23,70,14,299,27,78,36,087,43,79,54,007,37*61	1770370286.092521
$GLGSV,2,2,08,80,17,315,34,81,69,120,39,82,32,183,30,88,32,037,42*6D	1770370286.196525
$GNGLL,3252.78833,N,03516.17553,E,093110.00,A,A*78	1770370286.300326
$GNRMC,093111.00,A,3252.78843,N,03516.17442,E,2.898,275.83,060226,,,A*78	1770370286.508645
$GNVTG,275.83,T,,M,2.898,N,5.367,K,A*24	1770370286.508700
$GNGGA,093111.00,3252.78843,N,03516.17442,E,1,12,0.77,266.3,M,18.9,M,,*48	1770370286.612359
$GNGSA,A,3,24,06,12,19,15,11,29,25,,,,,1.55,0.77,1.35*19	1770370286.716315
$GNGSA,A,3,81,78,79,80,82,88,69,,,,,,1.55,0.77,1.35*1F	1770370286.716364
$GPGSV,5,1,18,06,37,071,40,11,43,132,42,12,56,330,42,13,02,176,*73	1770370286.820453
$GPGSV,5,2,18,15,09,201,20,17,03,047,,19,26,044,42,20,02,181,*7F	1770370286.924440
$GPGSV,5,3,18,22,04,086,39,24,76,200,36,25,23,295,28,29,16,230,24*7F	1770370286.924490
$GPGSV,5,4,18,32,09,314,30,36,50,201,35,40,44,148,,41,27,116,*76	1770370287.028533
$GPGSV,5,5,18,42,,,33,49,40,227,*48	1770370287.028585
$GLGSV,2,1,08,69,14,249,22,70,14,299,28,78,36,087,36,79,54,007,36*6C	1770370287.132385
$GLGSV,2,2,08,80,17,315,30,81,69,120,39,82,32,183,33,88,32,037,33*6C	1770370287.236356
$GNGLL,3252.78843,N,03516.17442,E,093111.00,A,A*7F	1770370287.236405
$GNRMC,093112.00,A,3252.78853,N,03516.17335,E,2.950,279.92,060226,,,A*74	1770370287.548320
$GNVTG,279.92,T,,M,2.950,N,5.463,K,A*2E	1770370287.548372
$GNGGA,093112.00,3252.78853,N,03516.17335,E,1,12,0.77,266.1,M,18.9,M,,*4F	1770370287.652360
$GNGSA,A,3,24,06,12,19,15,11,29,25,,,,,1.55,0.77,1.35*19	1770370287.652408
$GNGSA,A,3,81,78,79,80,82,88,69,,,,,,1.55,0.77,1.35*1F	1770370287.756390
$GPGSV,5,1,18,06,37,071,41,11,43,132,40,12,56,330,41,13,02,176,*73	1770370287.860346
$GPGSV,5,2,18,15,09,201,21,17,03,047,,19,26,044,39,20,02,181,*72	1770370287.860436
$GPGSV,5,3,18,22,04,086,38,24,76,200,39,25,23,295,34,29,16,230,28*70	1770370287.964329
$GPGSV,5,4,18,32,09,314,28,36,50,201,37,40,44,148,,41,27,116,*7D	1770370288.068734
$GPGSV,5,5,18,42,,,38,49,40,227,*43	1770370288.068786
$GLGSV,2,1,08,69,14,249,22,70,14,299,27,78,36,087,40,79,54,007,33*67	1770370288.172386
$GLGSV,2,2,08,80,17,315,30,81,69,120,32,82,32,183,34,88,32,037,39*6A	1770370288.172440
$GNGLL,3252.78853,N,03516.17335,E,093112.00,A,A*7A	1770370288.276421
$GNRMC,093113.00,A,3252.78862,N,03516.17230,E,2.892,277.38,060226,,,A*72	1770370288.484389
$GNVTG,277.38,T,,M,2.892,N,5.355,K,A*2D	1770370288.588346
$GNGGA,093113.00,3252.78862,N,03516.17230,E,1,12,0.82,266.2,M,18.9,M,,*41	1770370288.588399
$GNGSA,A,3,24,06,12,19,15,11,29,25,,,,,1.63,0.82,1.41*15	1770370288.692407
$GNGSA,A,3,81,78,79,80,82,88,69,,,,,,1.63,0.82,1.41*13	1770370288.692459
$GPGSV,5,1,18,06,37,071,44,11,43,132,41,12,56,330,42,13,02,176,*74	1770370288.796358
$GPGSV,5,2,18,15,09,201,19,17,03,047,,19,26,044,38,20,02,181,*78	1770370288.900333
$GPGSV,5,3,18,22,04,086,36,24,76,200,38,25,23,295,34,29,16,230,20*77	1770370289.004391
$GPGSV,5,4,18,32,09,314,27,36,50,201,35,40,44,148,,41,27,116,*70	1770370289.004441
$GPGSV,5,5,18,42,,,33,49,40,227,*48	1770370289.108486
$GLGSV,2,1,08,69,14,249,23,70,14,299,27,78,36,087,40,79,54,007,36*63	1770370289.108538
$GLGSV,2,2,08,80,17,315,37,81,69,120,36,82,32,183,27,88,32,037,39*6B	1770370289.212383
$GNGLL,3252.78862,N,03516.17230,E,093113.00,A,A*7D	1770370289.212433
$GNRMC,093114.00,A,3252.78864,N,03516.17130,E,2.641,274.07,060226,,,A*7F	1770370289.524384
$GNVTG,274.07,T,,M,2.641,N,4.892,K,A*23	1770370289.524434
$GNGGA,093114.00,3252.78864,N,03516.17130,E,1,12,0.77,266.2,M,18.9,M,,*49	1770370289.628471
$GNGSA,A,3,24,06,12,19,11,29,25,,,,,,1.55,0.77,1.35*1D	1770370289.732533
$GNGSA,A,3,81,78,79,80,82,88,69,,,,,,1.55,0.77,1.35*1F	1770370289.732622
$GPGSV,5,1,18,06,37,071,44,11,43,132,41,12,56,330,41,13,02,176,*77	1770370289.836377
$GPGSV,5,2,18,15,09,201,23,17,03,047,,19,26,044,41,20,02,181,*7F	1770370289.836428
$GPGSV,5,3,18,22,04,086,34,24,76,200,36,25,23,295,33,29,16,230,20*7C	1770370289.940432
$GPGSV,5,4,18,32,09,314,28,36,50,201,35,40,44,148,,41,27,116,*7F	1770370290.044406
$GPGSV,5,5,18,42,,,39,49,40,227,*42	1770370290.044458
$GLGSV,2,1,08,69,14,249,23,70,14,299,27,78,36,087,40,79,54,007,36*63	1770370290.148436
$GLGSV,2,2,08,80,17,315,28,81,69,120,35,82,32,183,27,88,32,037,41*69	1770370290.252346
$GNGLL,3252.78864,N,03516.17130,E,093114.00,A,A*7F	1770370290.252394
$GNRMC,093115.00,A,3252.78871,N,03516.17042,E,2.480,273.89,060226,,,A*70	1770370290.460374
$GNVTG,273.89,T,,M,2.480,N,4.592,K,A*20	1770370290.564400
$GNGGA,093115.00,3252.78871,N,03516.17042,E,1,12,0.77,266.6,M,18.9,M,,*4C	1770370290.668345
$GNGSA,A,3,24,06,12,19,11,29,25,,,,,,1.55,0.77,1.35*1D	1770370290.668394
$GNGSA,A,3,81,78,79,80,82,88,69,,,,,,1.55,0.77,1.35*1F	1770370290.772328
$GPGSV,5,1,18,06,37,071,42,11,43,132,40,12,56,330,40,13,02,176,*71	1770370290.772414
$GPGSV,5,2,18,15,09,201,,17,03,047,,19,26,044,40,20,02,181,*7F	1770370290.876345
$GPGSV,5,3,18,22,04,086,35,24,76,200,37,25,23,295,28,29,16,230,21*77	1770370290.980549
$GPGSV,5,4,18,32,09,314,32,36,50,201,39,40,44,148,,41,27,116,*78	1770370290.980607
$GPGSV,5,5,18,42,,,38,49,40,227,*43	1770370291.084373
$GLGSV,2,1,08,69,14,249,23,70,14,299,26,78,36,087,40,79,54,007,38*6C	1770370291.084667
$GLGSV,2,2,08,80,17,315,29,81,69,120,36,82,32,183,28,88,32,037,41*64	1770370291.188371
$GNGLL,3252.78871,N,03516.17042,E,093115.00,A,A*7E	1770370291.292342
$GNRMC,093116.00,A,3252.78871,N,03516.16939,E,2.673,272.04,060226,,,A*7D	1770370291.500389
$GNVTG,272.04,T,,M,2.673,N,4.950,K,A*28	1770370291.500442
$GNGGA,093116.00,3252.78871,N,03516.16939,E,1,12,0.77,266.5,M,18.9,M,,*48	1770370291.604413
$GNGSA,A,3,24,06,12,19,11,29,25,,,,,,1.55,0.77,1.35*1D	1770370291.708452
$GNGSA,A,3,81,78,79,80,82,88,69,,,,,,1.55,0.77,1.35*1F	1770370291.708502
$GPGSV,5,1,18,06,37,071,45,11,43,132,41,12,56,330,43,13,02,176,*74	1770370291.812397
$GPGSV,5,2,18,15,09,201,,17,03,047,,19,26,044,39,20,02,181,*71	1770370291.916382
$GPGSV,5,3,18,22,04,086,32,24,76,200,37,25,23,295,27,29,16,230,23*7D	1770370291.916436
$GPGSV,5,4,18,32,09,314,28,36,50,201,37,40,44,148,,41,27,116,*7D	1770370292.020345
$GPGSV,5,5,18,42,,,33,49,40,227,*48	1770370292.020395
$GLGSV,2,1,08,69,14,249,23,70,14,299,24,78,36,087,41,79,54,007,39*6E	1770370292.124367
$GLGSV,2,2,08,80,17,315,34,81,69,120,36,82,32,183,38,88,32,036,39*67	1770370292.228403
$GNGLL,3252.78871,N,03516.16939,E,093116.00,A,A*79	1770370292.228455
$GNRMC,093117.00,A,3252.78871,N,03516.16834,E,2.776,272.66,060226,,,A*70	1770370292.540397
$GNVTG,272.66,T,,M,2.776,N,5.141,K,A*21	1770370292.540449
$GNGGA,093117.00,3252.78871,N,03516.16834,E,1,12,0.77,266.5,M,18.9,M,,*45	1770370292.644476
$GNGSA,A,3,24,06,12,19,11,29,25,,,,,,1.55,0.77,1.35*1D	1770370292.644525
$GNGSA,A,3,81,78,79,80,82,88,69,,,,,,1.55,0.77,1.35*1F	1770370292.748610
$GPGSV,5,1,18,06,37,071,43,11,43,132,44,12,56,330,42,13,02,176,*76	1770370292.852385
$GPGSV,5,2,18,15,09,201,,17,03,047,,19,26,044,39,20,02,181,*71	1770370292.852436
$GPGSV,5,3,18,22,04,086,36,24,76,200,37,25,23,295,27,29,16,230,23*79	1770370292.956362
$GPGSV,5,4,18,32,09,314,29,36,50,201,35,40,44,148,,41,27,116,*7E	1770370293.060725
$GPGSV,5,5,18,42,,,34,49,40,227,*4F	1770370293.060778
$GLGSV,2,1,08,69,14,249,23,70,14,299,24,78,36,087,40,79,54,007,36*60	1770370293.164370
$GLGSV,2,2,08,80,17,315,35,81,69,120,36,82,32,183,32,88,32,036,38*6D	1770370293.164458
$GNGLL,3252.78871,N,03516.16834,E,093117.00,A,A*74	1770370293.268616
$GNRMC,093118.00,A,3252.78883,N,03516.16744,E,2.491,275.82,060226,,,A*7D	1770370293.476349
$GNVTG,275.82,T,,M,2.491,N,4.613,K,A*27	1770370293.580359
$GNGGA,093118.00,3252.78883,N,03516.16744,E,1,12,0.77,267.0,M,18.9,M,,*4B	1770370293.580408
$GNGSA,A,3,24,06,12,19,11,29,25,,,,,,1.55,0.77,1.35*1D	1770370293.684377
$GNGSA,A,3,81,78,79,80,82,88,69,,,,,,1.55,0.77,1.35*1F	1770370293.788411
$GPGSV,5,1,18,06,37,071,41,11,43,132,43,12,56,330,41,13,02,176,*70	1770370293.788461
$GPGSV,5,2,18,15,09,201,,17,03,047,,19,26,044,40,20,02,181,*7F	1770370293.892428
$GPGSV,5,3,18,22,04,086,33,24,76,200,37,25,23,295,26,29,16,230,24*7A	1770370293.996433
$GPGSV,5,4,18,32,09,314,27,36,50,201,31,40,44,148,,41,27,116,*74	1770370293.996485
$GPGSV,5,5,18,42,,,39,49,40,227,*42	1770370294.100347
$GLGSV,2,1,08,69,14,249,21,70,14,299,23,78,36,087,41,79,54,007,36*64	1770370294.100396
$GLGSV,2,2,08,80,17,315,31,81,69,120,36,82,32,183,27,88,32,036,39*6C	1770370294.204354
$GNGLL,3252.78883,N,03516.16744,E,093118.00,A,A*7E	1770370294.308351
$GNRMC,093119.00,A,3252.78891,N,03516.16637,E,2.768,275.12,060226,,,A*76	1770370294.516329
$GNVTG,275.12,T,,M,2.768,N,5.126,K,A*2B	1770370294.516380
$GNGGA,093119.00,3252.78891,N,03516.16637,E,1,12,0.77,266.5,M,18.9,M,,*48	1770370294.620363
$GNGSA,A,3,24,06,12,19,11,29,25,,,,,,1.55,0.77,1.35*1D	1770370294.724409
$GNGSA,A,3,81,78,79,80,82,88,69,,,,,,1.55,0.77,1.35*1F	1770370294.724462
$GPGSV,5,1,18,06,37,071,45,11,43,132,44,12,56,330,38,13,02,176,*7D	1770370294.828343
$GPGSV,5,2,18,15,09,201,,17,03,047,,19,26,044,33,20,02,181,*7B	1770370294.932390
$GPGSV,5,3,18,22,04,086,33,24,76,200,36,25,23,295,38,29,16,230,22*72	1770370294.932439
$GPGSV,5,4,18,32,09,314,27,36,50,201,29,40,44,148,,41,27,116,*7D	1770370295.036381
$GPGSV,5,5,18,42,,,41,49,40,227,*4D	1770370295.036433
$GLGSV,2,1,08,69,14,249,22,70,14,299,24,78,36,087,41,79,54,007,38*6E	1770370295.140409
$GLGSV,2,2,08,80,17,315,25,81,69,120,37,82,32,183,26,88,32,036,37*67	1770370295.244339
$GNGLL,3252.78891,N,03516.16637,E,093119.00,A,A*79	1770370295.244389
$GNRMC,093120.00,A,3252.78886,N,03516.16551,E,2.109,271.16,060226,,,A*78	1770370295.556694
$GNVTG,271.16,T,,M,2.109,N,3.905,K,A*25	1770370295.556746
$GNGGA,093120.00,3252.78886,N,03516.16551,E,1,12,0.77,266.2,M,18.9,M,,*40	1770370295.660373
$GNGSA,A,3,24,06,12,19,11,29,25,,,,,,1.55,0.77,1.35*1D	1770370295.660462
$GNGSA,A,3,81,78,79,80,82,88,69,,,,,,1.55,0.77,1.35*1F	1770370295.764407
$GPGSV,5,1,18,06,37,071,41,11,43,132,40,12,56,330,37,13,02,176,*72	1770370295.764461
$GPGSV,5,2,18,15,09,201,19,17,03,047,,19,26,044,33,20,02,181,*73	1770370295.868462
$GPGSV,5,3,18,22,04,086,28,24,76,200,36,25,23,295,28,29,16,230,23*78	1770370295.972370
$GPGSV,5,4,18,32,09,314,26,36,50,201,30,40,44,148,,41,27,116,*74	1770370296.076548
$GPGSV,5,5,18,42,,,36,49,40,227,*4D	1770370296.076601
$GLGSV,2,1,08,69,14,249,22,70,14,299,29,78,36,087,42,79,54,007,38*60	1770370296.180537
$GLGSV,2,2,08,80,17,315,31,81,69,120,37,82,32,183,24,88,32,036,32*65	1770370296.180657
$GNGLL,3252.78886,N,03516.16551,E,093120.00,A,A*76	1770370296.284402
$GNRMC,093121.00,A,3252.78905,N,03516.16467,E,2.807,284.16,060226,,,A*7A	1770370296.492364
$GNVTG,284.16,T,,M,2.807,N,5.199,K,A*23	1770370296.596336
$GNGGA,093121.00,3252.78905,N,03516.16467,E,1,12,0.77,266.8,M,18.9,M,,*45	1770370296.596387
$GNGSA,A,3,24,06,12,19,11,29,25,,,,,,1.55,0.77,1.35*1D	1770370296.700351
$GNGSA,A,3,81,78,79,80,82,88,69,,,,,,1.55,0.77,1.35*1F	1770370296.700398
$GPGSV,5,1,18,06,37,070,43,11,43,132,38,12,56,330,39,13,02,176,*70	1770370296.804375
$GPGSV,5,2,18,15,09,201,,17,03,047,,19,26,044,33,20,02,181,*7B	1770370296.908362
$GPGSV,5,3,18,22,04,086,30,24,76,200,40,25,23,295,29,29,16,230,23*71	1770370296.908413
$GPGSV,5,4,18,32,09,314,25,36,50,201,34,40,44,148,,41,27,116,*73	1770370297.012427
$GPGSV,5,5,18,42,,,40,49,40,227,*4C	1770370297.012479
$GLGSV,2,1,08,69,14,249,21,70,14,299,23,78,36,087,37,79,54,007,40*64	1770370297.116348
$GLGSV,2,2,08,80,17,315,28,81,69,120,36,82,32,183,29,88,32,036,37*64	1770370297.220341
$GNGLL,3252.78905,N,03516.16467,E,093121.00,A,A*79	1770370297.220391
$GNRMC,093122.00,A,3252.78916,N,03516.16368,E,3.056,276.87,060226,,,A*7B	1770370297.532424
$GNVTG,276.87,T,,M,3.056,N,5.659,K,A*20	1770370297.532476
$GNGGA,093122.00,3252.78916,N,03516.16368,E,1,12,0.95,267.5,M,18.9,M,,*4C	1770370297.636419
$GNGSA,A,3,24,06,12,19,11,29,25,,,,,,1.76,0.95,1.48*1A	1770370297.636471
$GNGSA,A,3,81,78,79,80,82,88,69,,,,,,1.76,0.95,1.48*18	1770370297.740363
$GPGSV,5,1,18,06,37,070,41,11,43,132,37,12,56,330,43,13,02,176,*70	1770370297.844343
$GPGSV,5,2,18,15,09,201,,17,03,047,,19,26,044,32,20,02,181,*7A	1770370297.844397
$GPGSV,5,3,18,22,04,086,31,24,76,200,39,25,23,295,34,29,16,230,22*73	1770370297.948415
$GPGSV,5,4,18,32,09,314,26,36,50,201,34,40,44,148,,41,27,116,*70	1770370298.052348
$GPGSV,5,5,18,42,,,42,49,40,227,*4E	1770370298.052396
$GLGSV,2,1,08,69,14,249,21,70,14,299,25,78,36,087,42,79,54,007,37*60	1770370298.156417
$GLGSV,2,2,08,80,17,315,34,81,69,120,34,82,32,183,22,88,32,036,37*60	1770370298.156506
$GNGLL,3252.78916,N,03516.16368,E,093122.00,A,A*70	1770370298.260382
$GNRMC,093123.00,A,3252.78935,N,03516.16292,E,2.346,279.22,060226,,,A*7C	1770370298.468483
$GNVTG,279.22,T,,M,2.346,N,4.345,K,A*2A	1770370298.572582
$GNGGA,093123.00,3252.78935,N,03516.16292,E,1,12,0.77,269.4,M,18.9,M,,*4B	1770370298.572639
$GNGSA,A,3,24,06,12,19,11,29,25,,,,,,1.55,0.77,1.35*1D	1770370298.676402
$GNGSA,A,3,81,78,79,80,82,88,69,,,,,,1.55,0.77,1.35*1F	1770370298.780347
$GPGSV,5,1,18,06,37,070,42,11,43,132,41,12,56,330,45,13,02,176,*74	1770370298.780434
$GPGSV,5,2,18,15,09,201,,17,03,047,,19,26,044,38,20,02,181,*70	1770370298.884406
$GPGSV,5,3,18,22,04,086,31,24,76,200,39,25,23,295,30,29,16,230,22*77	1770370298.988333
$GPGSV,5,4,18,32,09,314,25,36,50,201,32,40,44,148,,41,27,116,*75	1770370298.988421
$GPGSV,5,5,18,42,20,111,41,49,40,227,*7E	1770370299.092439
$GLGSV,2,1,08,69,14,249,21,70,14,299,24,78,36,087,43,79,54,007,37*60	1770370299.092705
$GLGSV,2,2,08,80,17,315,30,81,69,120,36,82,32,183,24,88,32,036,42*62	1770370299.196394
$GNGLL,3252.78935,N,03516.16292,E,093123.00,A,A*74	1770370299.300377
$GNRMC,093124.00,A,3252.78946,N,03516.16199,E,2.753,279.60,060226,,,A*71	1770370299.508344
$GNVTG,279.60,T,,M,2.753,N,5.099,K,A*2F	1770370299.508438
$GNGGA,093124.00,3252.78946,N,03516.16199,E,1,12,0.77,270.3,M,18.9,M,,*4F	1770370299.612350
$GNGSA,A,3,24,06,12,19,11,29,25,,,,,,1.55,0.77,1.35*1D	1770370299.716350
$GNGSA,A,3,81,78,79,80,82,88,69,,,,,,1.55,0.77,1.35*1F	1770370299.716399
$GPGSV,5,1,18,06,37,070,42,11,43,132,41,12,56,330,41,13,02,176,*70	1770370299.820341
$GPGSV,5,2,18,15,09,201,20,17,03,047,,19,26,044,38,20,02,181,*72	1770370299.924346
$GPGSV,5,3,18,22,04,086,31,24,76,200,39,25,23,295,28,29,16,230,24*78	1770370299.924395
$GPGSV,5,4,18,32,09,314,28,36,50,201,32,40,44,148,,41,27,116,*78	1770370300.028378
$GPGSV,5,5,18,42,20,111,35,49,40,227,*7D	1770370300.028427
$GLGSV,2,1,08,69,14,249,22,70,14,299,24,78,36,087,39,79,54,007,40*6E	1770370300.132417
$GLGSV,2,2,08,80,17,315,26,81,69,120,35,82,32,183,25,88,32,036,38*6A	1770370300.236336
$GNGLL,3252.78946,N,03516.16199,E,093124.00,A,A*7F	1770370300.236422
$GNRMC,093125.00,A,3252.78962,N,03516.16103,E,2.723,283.06,060226,,,A*77	1770370300.548347
$GNVTG,283.06,T,,M,2.723,N,5.043,K,A*2A	1770370300.548396
$GNGGA,093125.00,3252.78962,N,03516.16103,E,1,12,0.77,271.0,M,18.9,M,,*49	1770370300.652372
$GNGSA,A,3,24,06,12,19,11,29,25,,,,,,1.55,0.77,1.35*1D	1770370300.652457
$GNGSA,A,3,81,78,79,80,82,88,69,,,,,,1.55,0.77,1.35*1F	1770370300.756448
$GPGSV,5,1,18,06,37,070,42,11,43,132,40,12,56,330,44,13,02,176,*74	1770370300.860386
$GPGSV,5,2,18,15,09,201,19,17,03,047,,19,26,044,44,20,02,181,*73	1770370300.860438
$GPGSV,5,3,18,22,04,086,29,24,76,200,37,25,23,295,29,29,16,230,24*7E	1770370300.964351
$GPGSV,5,4,18,32,09,314,25,36,50,201,39,40,44,148,,41,27,116,*7E	1770370301.068581
$GPGSV,5,5,18,42,20,111,38,49,40,227,*70	1770370301.068633
$GLGSV,2,1,08,69,14,249,20,70,14,299,23,78,36,087,41,79,54,007,41*65	1770370301.172406
$GLGSV,2,2,08,80,17,315,27,81,69,120,34,82,32,183,27,88,32,036,37*67	1770370301.172458
$GNGLL,3252.78962,N,03516.16103,E,093125.00,A,A*7B	1770370301.276464
$GNRMC,093126.00,A,3252.78977,N,03516.16007,E,2.668,280.43,060226,,,A*79	1770370301.484408
$GNVTG,280.43,T,,M,2.668,N,4.941,K,A*2C	1770370301.588396
$GNGGA,093126.00,3252.78977,N,03516.16007,E,1,12,0.82,271.7,M,18.9,M,,*46	1770370301.588445
$GNGSA,A,3,24,06,12,19,11,29,25,,,,,,1.59,0.82,1.36*18	1770370301.692324
$GNGSA,A,3,81,78,79,80,82,88,69,,,,,,1.59,0.82,1.36*1A	1770370301.692372
$GPGSV,5,1,18,06,37,070,46,11,43,131,41,12,56,330,47,13,02,176,*71	1770370301.796312
$GPGSV,5,2,18,15,09,201,19,17,03,047,21,19,26,044,46,20,02,181,*72	1770370301.900388
$GPGSV,5,3,18,22,04,086,30,24,76,200,41,25,23,295,35,29,16,230,24*7A	1770370302.004465
$GPGSV,5,4,18,32,09,314,26,36,50,201,36,40,44,148,,41,27,116,*72	1770370302.004523
$GPGSV,5,5,18,42,20,111,37,49,40,227,*7F	1770370302.108344
$GLGSV,2,1,08,69,14,249,20,70,14,299,23,78,36,087,42,79,54,007,36*66	1770370302.108393
$GLGSV,2,2,08,80,17,315,29,81,69,120,34,82,32,183,25,88,32,036,34*68	1770370302.212362
$GNGLL,3252.78977,N,03516.16007,E,093126.00,A,A*79	1770370302.316317
$GNRMC,093127.00,A,3252.78987,N,03516.15924,E,2.436,276.04,060226,,,A*7F	1770370302.524346
$GNVTG,276.04,T,,M,2.436,N,4.511,K,A*26	1770370302.524396
$GNGGA,093127.00,3252.78987,N,03516.15924,E,1,12,0.77,273.2,M,18.9,M,,*4E	1770370302.628412
$GNGSA,A,3,24,06,12,19,11,29,25,,,,,,1.66,0.77,1.48*17	1770370302.628464
$GNGSA,A,3,81,78,79,80,82,88,69,,,,,,1.66,0.77,1.48*15	1770370302.732396
$GPGSV,5,1,18,06,37,070,45,11,43,131,41,12,56,331,42,13,02,176,*76	1770370302.836358
$GPGSV,5,2,18,15,09,201,,17,03,047,19,19,26,044,45,20,02,181,21*71	1770370302.836411
$GPGSV,5,3,18,22,04,086,31,24,76,200,34,25,23,295,30,29,16,230,25*7D	1770370302.940398
$GPGSV,5,4,18,32,09,314,32,36,50,201,36,40,44,148,,41,27,116,*77	1770370303.044480
$GPGSV,5,5,18,42,20,111,32,49,40,227,*7A	1770370303.044529
$GLGSV,2,1,08,69,14,249,20,70,14,299,23,78,36,087,43,79,54,007,41*67	1770370303.148365
$GLGSV,2,2,08,80,17,315,29,81,69,120,36,82,32,183,24,88,32,036,39*66	1770370303.252350
$GNGLL,3252.78987,N,03516.15924,E,093127.00,A,A*7C	1770370303.252396
$GNRMC,093128.00,A,3252.78987,N,03516.15833,E,2.539,273.07,060226,,,A*7F	1770370303.460375
$GNVTG,273.07,T,,M,2.539,N,4.703,K,A*2F	1770370303.564415
$GNGGA,093128.00,3252.78987,N,03516.15833,E,1,12,0.77,274.1,M,18.9,M,,*42	1770370303.668323
$GNGSA,A,3,24,06,12,19,11,29,25,,,,,,1.55,0.77,1.35*1D	1770370303.668372
$GNGSA,A,3,81,78,79,80,82,88,69,,,,,,1.55,0.77,1.35*1F	1770370303.772412
$GPGSV,5,1,18,06,37,070,45,11,43,131,42,12,56,331,45,13,02,175,*71	1770370303.772467
$GPGSV,5,2,18,15,09,201,,17,03,047,17,19,26,044,40,20,02,181,*79	1770370303.876350
$GPGSV,5,3,18,22,04,086,36,24,76,200,35,25,23,295,30,29,16,230,25*7B	1770370303.980359
$GPGSV,5,4,18,32,09,314,26,36,50,201,36,40,44,148,,41,27,116,*72	1770370303.980407
$GPGSV,5,5,18,42,20,111,37,49,40,227,*7F	1770370304.084710
$GLGSV,2,1,08,69,14,249,21,70,14,299,23,78,36,087,40,79,54,007,37*64	1770370304.188555
$GLGSV,2,2,08,80,17,315,27,81,69,120,33,82,32,183,33,88,32,036,41*64	1770370304.188608
$GNGLL,3252.78987,N,03516.15833,E,093128.00,A,A*74	1770370304.292412
$GNRMC,093129.00,A,3252.78987,N,03516.15724,E,2.857,274.50,060226,,,A*77	1770370304.500380
$GNVTG,274.50,T,,M,2.857,N,5.292,K,A*23	1770370304.500430
$GNGGA,093129.00,3252.78987,N,03516.15724,E,1,12,0.77,274.0,M,18.9,M,,*4B	1770370304.604520
$GNGSA,A,3,24,06,12,19,11,29,25,,,,,,1.55,0.77,1.35*1D	1770370304.708447
$GNGSA,A,3,81,78,79,80,82,88,69,,,,,,1.55,0.77,1.35*1F	1770370304.708500
$GPGSV,5,1,18,06,37,070,44,11,43,131,37,12,56,331,44,13,02,175,*73	1770370304.812350
$GPGSV,5,2,18,15,09,201,,17,03,047,14,19,26,044,45,20,02,181,*7F	1770370304.916358
$GPGSV,5,3,18,22,04,086,35,24,76,200,39,25,23,295,30,29,16,230,26*77	1770370304.916408
$GPGSV,5,4,18,32,09,314,26,36,50,201,33,40,44,148,,41,27,116,*77	1770370305.020463
$GPGSV,5,5,18,42,20,111,33,49,40,227,*7B	1770370305.020513
$GLGSV,2,1,08,69,14,249,21,70,14,299,22,78,36,087,41,79,54,007,37*64	1770370305.123906
$GLGSV,2,2,08,80,17,315,28,81,69,120,35,82,32,183,26,88,32,036,36*69	1770370305.227763
$GNGLL,3252.78987,N,03516.15724,E,093129.00,A,A*7C	1770370305.227804
$GNRMC,093130.00,A,3252.79000,N,03516.15634,E,2.550,276.46,060226,,,A*77	1770370305.539741
$GNVTG,276.46,T,,M,2.550,N,4.722,K,A*23	1770370305.539786
$GNGGA,093130.00,3252.79000,N,03516.15634,E,1,12,0.77,275.0,M,18.9,M,,*45	1770370305.643782
$GNGSA,A,3,24,06,12,19,11,29,25,,,,,,1.55,0.77,1.35*1D	1770370305.643824
$GNGSA,A,3,81,78,79,80,82,88,69,,,,,,1.55,0.77,1.35*1F	1770370305.747706
$GPGSV,5,1,18,06,37,070,46,11,43,131,39,12,56,331,43,13,02,175,*78	1770370305.852415
$GPGSV,5,2,18,15,08,200,23,17,03,047,14,19,26,044,43,20,02,181,*78	1770370305.852467
$GPGSV,5,3,18,22,04,086,30,24,76,200,37,25,23,295,29,29,16,230,27*75	1770370305.956506
$GPGSV,5,4,18,32,09,314,27,36,50,201,37,40,44,148,,41,27,116,*72	1770370306.061765
$GPGSV,5,5,18,42,20,111,35,49,40,227,*7D	1770370306.061833
$GLGSV,2,1,08,69,14,249,22,70,14,299,22,78,36,087,40,79,54,007,40*66	1770370306.164372
$GLGSV,2,2,08,80,17,315,28,81,69,120,34,82,32,183,26,88,32,036,38*66	1770370306.268320
$GNGLL,3252.79000,N,03516.15634,E,093130.00,A,A*73	1770370306.268371
$GNRMC,093131.00,A,3252.79014,N,03516.15548,E,2.581,280.01,060226,,,A*7D	1770370306.476394
$GNVTG,280.01,T,,M,2.581,N,4.781,K,A*2C	1770370306.580369
$GNGGA,093131.00,3252.79014,N,03516.15548,E,1,12,0.77,275.9,M,18.9,M,,*40	1770370306.580419
$GNGSA,A,3,24,06,12,19,11,29,25,,,,,,1.66,0.77,1.48*17	1770370306.684371
$GNGSA,A,3,81,78,79,80,82,88,69,,,,,,1.66,0.77,1.48*15	1770370306.788639
$GPGSV,5,1,18,06,37,070,46,11,43,131,39,12,56,331,44,13,02,175,*7F	1770370306.788694
$GPGSV,5,2,18,15,08,200,,17,03,047,14,19,26,044,46,20,02,181,*7C	1770370306.892347
$GPGSV,5,3,18,22,04,086,34,24,76,200,40,25,23,295,29,29,16,230,27*71	1770370306.996380
$GPGSV,5,4,18,32,09,314,27,36,50,201,34,40,44,148,,41,27,116,*71	1770370306.996469
$GPGSV,5,5,18,42,20,111,,49,40,227,*7B	1770370307.100490
$GLGSV,2,1,08,69,14,249,22,70,14,299,23,78,36,087,41,79,54,007,39*68	1770370307.100803
$GLGSV,2,2,08,80,17,315,27,81,69,120,35,82,32,183,26,88,32,036,35*65	1770370307.204412
$GNGLL,3252.79014,N,03516.15548,E,093131.00,A,A*7F	1770370307.308431
$GNRMC,093132.00,A,3252.79026,N,03516.15447,E,2.739,281.36,060226,,,A*75	1770370307.516350
$GNVTG,281.36,T,,M,2.739,N,5.072,K,A*22	1770370307.516399
$GNGGA,093132.00,3252.79026,N,03516.15447,E,1,12,0.77,276.1,M,18.9,M,,*47	1770370307.620368
$GNGSA,A,3,24,06,12,19,11,29,25,,,,,,1.55,0.77,1.35*1D	1770370307.724354
$GNGSA,A,3,81,78,79,80,82,88,69,,,,,,1.55,0.77,1.35*1F	1770370307.724403
$GPGSV,5,1,18,06,37,070,46,11,43,131,43,12,56,331,43,13,02,175,*75	1770370307.828384
$GPGSV,5,2,18,15,08,200,,17,02,047,13,19,26,044,44,20,02,181,*78	1770370307.932345
$GPGSV,5,3,18,22,04,086,25,24,76,200,36,25,23,295,28,29,16,230,28*7E	1770370307.932433
$GPGSV,5,4,18,32,09,314,26,36,50,201,32,40,44,148,,41,27,116,*76	1770370308.036367
$GPGSV,5,5,18,42,20,111,,49,40,227,*7B	1770370308.036417
$GLGSV,2,1,08,69,14,249,22,70,14,299,23,78,36,087,42,79,54,007,39*6B	1770370308.140341
$GLGSV,2,2,08,80,17,315,26,81,69,120,34,82,32,183,28,88,32,036,31*6F	1770370308.244407
$GNGLL,3252.79026,N,03516.15447,E,093132.00,A,A*73	1770370308.244459
$GNRMC,093133.00,A,3252.79036,N,03516.15351,E,2.715,279.54,060226,,,A*78	1770370308.556371
$GNVTG,279.54,T,,M,2.715,N,5.029,K,A*21	1770370308.556421
$GNGGA,093133.00,3252.79036,N,03516.15351,E,1,12,0.85,276.7,M,18.9,M,,*4C	1770370308.660390
$GNGSA,A,3,24,06,12,19,11,29,25,,,,,,1.61,0.85,1.37*15	1770370308.660444
$GNGSA,A,3,81,78,79,80,82,88,69,,,,,,1.61,0.85,1.37*17	1770370308.764358
$GPGSV,5,1,18,06,37,070,43,11,43,131,44,12,56,331,45,13,02,175,*71	1770370308.764408
$GPGSV,5,2,18,15,08,200,,17,02,047,12,19,26,044,39,20,02,181,*73	1770370308.868332
$GPGSV,5,3,18,22,04,086,27,24,76,200,38,25,23,295,29,29,16,230,26*7D	1770370308.972358
$GPGSV,5,4,18,32,09,314,32,36,50,201,30,40,44,148,,41,27,116,*71	1770370308.972444
$GPGSV,5,5,18,42,20,111,,49,40,227,*7B	1770370309.076657
$GLGSV,2,1,08,69,14,249,23,70,14,299,24,78,36,087,40,79,54,007,41*60	1770370309.180370
$GLGSV,2,2,08,80,17,315,26,81,69,120,34,82,32,183,28,88,32,036,36*68	1770370309.180422
$GNGLL,3252.79036,N,03516.15351,E,093133.00,A,A*73	1770370309.284347
$GNRMC,093134.00,A,3252.79045,N,03516.15242,E,2.977,277.89,060226,,,A*7C	1770370309.492357
$GNVTG,277.89,T,,M,2.977,N,5.514,K,A*2E	1770370309.596446
$GNGGA,093134.00,3252.79045,N,03516.15242,E,1,12,0.85,276.9,M,18.9,M,,*42	1770370309.596497
$GNGSA,A,3,24,06,12,19,11,29,25,,,,,,1.61,0.85,1.37*15	1770370309.700369
$GNGSA,A,3,81,78,79,80,82,88,69,,,,,,1.61,0.85,1.37*17	1770370309.700418
$GPGSV,5,1,18,06,37,070,42,11,43,131,46,12,56,331,43,13,02,175,*74	1770370309.804666
$GPGSV,5,2,18,15,08,200,,17,02,047,10,19,25,044,34,20,02,181,*7F	1770370309.908485
$GPGSV,5,3,18,22,04,086,26,24,76,200,34,25,23,295,30,29,16,230,26*78	1770370309.908541
$GPGSV,5,4,18,32,09,314,24,36,50,201,30,40,44,148,,41,27,116,*76	1770370310.012376
$GPGSV,5,5,18,42,20,111,,49,40,227,*7B	1770370310.116396
$GLGSV,2,1,08,69,14,249,22,70,14,299,24,78,36,087,41,79,54,007,41*60	1770370310.116449
$GLGSV,2,2,08,80,17,315,27,81,69,120,34,82,32,183,26,88,32,036,35*64	1770370310.220374
$GNGLL,3252.79045,N,03516.15242,E,093134.00,A,A*73	1770370310.220424
$GNRMC,093135.00,A,3252.79062,N,03516.15141,E,2.796,281.49,060226,,,A*7C	1770370310.532345
$GNVTG,281.49,T,,M,2.796,N,5.178,K,A*24	1770370310.532393
$GNGGA,093135.00,3252.79062,N,03516.15141,E,1,12,0.82,277.3,M,18.9,M,,*4A	1770370310.636374
$GNGSA,A,3,24,06,12,19,11,29,25,,,,,,1.59,0.82,1.36*18	1770370310.636425
$GNGSA,A,3,81,78,79,80,82,88,69,,,,,,1.59,0.82,1.36*1A	1770370310.740383
$GPGSV,5,1,18,06,37,070,43,11,43,131,39,12,56,331,42,13,02,175,*7C	1770370310.844435
$GPGSV,5,2,18,15,08,200,24,17,02,047,08,19,25,044,41,20,01,181,*71	1770370310.844488
$GPGSV,5,3,18,22,04,086,25,24,76,200,37,25,23,295,32,29,16,230,28*74	1770370310.948355
$GPGSV,5,4,18,32,09,314,22,36,50,201,33,40,44,148,,41,27,116,*73	1770370311.052462
$GPGSV,5,5,18,42,20,111,,49,40,227,*7B	1770370311.052510
$GLGSV,2,1,08,69,14,249,20,70,14,299,28,78,36,087,43,79,54,007,41*6C	1770370311.156469
$GLGSV,2,2,08,80,17,315,30,81,69,120,34,82,32,183,20,88,32,036,39*68	1770370311.260335
$GNGLL,3252.79062,N,03516.15141,E,093135.00,A,A*77	1770370311.260384
$GNRMC,093136.00,A,3252.79087,N,03516.15058,E,2.483,284.33,060226,,,A*72	1770370311.468376
$GNVTG,284.33,T,,M,2.483,N,4.598,K,A*20	1770370311.572379
$GNGGA,093136.00,3252.79087,N,03516.15058,E,1,12,0.77,278.5,M,18.9,M,,*48	1770370311.676388
$GNGSA,A,3,24,06,12,19,11,29,25,,,,,,1.55,0.77,1.35*1D	1770370311.676437
$GNGSA,A,3,81,78,79,80,82,88,69,,,,,,1.55,0.77,1.35*1F	1770370311.780413
$GPGSV,5,1,18,06,37,070,44,11,43,131,32,12,56,331,41,13,02,175,*73	1770370311.780465
$GPGSV,5,2,18,15,08,200,21,17,02,047,08,19,25,044,41,20,01,181,*74	1770370311.884500
$GPGSV,5,3,18,22,04,087,31,24,76,200,38,25,23,295,28,29,16,230,26*7A	1770370311.988344
$GPGSV,5,4,18,32,09,314,25,36,50,201,33,40,44,148,,41,27,116,*74	1770370311.988431
$GPGSV,5,5,18,42,20,111,,49,40,227,*7B	1770370312.092371
$GLGSV,2,1,08,69,14,249,21,70,14,299,27,78,36,087,41,79,54,007,39*6F	1770370312.092421
$GLGSV,2,2,08,80,17,315,29,81,69,120,34,82,32,183,23,88,32,036,37*6D	1770370312.196373
$GNGLL,3252.79087,N,03516.15058,E,093136.00,A,A*76	1770370312.300326
$GNRMC,093137.00,A,3252.79097,N,03516.14951,E,2.738,285.61,060226,,,A*76	1770370312.508327
$GNVTG,285.61,T,,M,2.738,N,5.070,K,A*27	1770370312.508411
$GNGGA,093137.00,3252.79097,N,03516.14951,E,1,12,0.77,278.5,M,18.9,M,,*49	1770370312.612391
$GNGSA,A,3,24,06,12,19,11,29,25,,,,,,1.55,0.77,1.35*1D	1770370312.716581
$GNGSA,A,3,81,78,79,80,82,88,69,,,,,,1.55,0.77,1.35*1F	1770370312.716632
$GPGSV,5,1,18,06,37,070,42,11,43,131,32,12,56,331,41,13,02,175,*75	1770370312.820412
$GPGSV,5,2,18,15,08,200,20,17,02,047,07,19,25,044,37,20,01,181,*7B	1770370312.924364
$GPGSV,5,3,18,22,04,087,31,24,76,200,39,25,23,295,27,29,16,230,26*74	1770370312.924414
$GPGSV,5,4,18,32,09,314,23,36,50,201,40,40,44,148,,41,27,116,*76	1770370313.028356
$GPGSV,5,5,18,42,20,111,,49,40,227,*7B	1770370313.028406
$GLGSV,2,1,08,69,14,249,21,70,14,299,26,78,36,087,39,79,54,007,38*60	1770370313.132666
$GLGSV,2,2,08,80,17,315,27,81,69,120,34,82,32,183,25,88,32,036,35*67	1770370313.236362
$GNGLL,3252.79097,N,03516.14951,E,093137.00,A,A*77	1770370313.236412
$GNRMC,093138.00,A,3252.79115,N,03516.14858,E,2.378,286.58,060226,,,A*73	1770370313.548380
$GNVTG,286.58,T,,M,2.378,N,4.404,K,A*28	1770370313.548432
$GNGGA,093138.00,3252.79115,N,03516.14858,E,1,12,0.77,279.0,M,18.9,M,,*41	1770370313.652358
$GNGSA,A,3,24,06,12,19,15,11,29,25,,,,,1.55,0.77,1.35*19	1770370313.652407
$GNGSA,A,3,81,78,79,80,82,88,69,,,,,,1.55,0.77,1.35*1F	1770370313.756355
$GPGSV,5,1,18,06,37,070,44,11,43,131,35,12,56,331,39,13,02,175,*7B	1770370313.860421
$GPGSV,5,2,18,15,08,200,21,17,02,047,07,19,25,044,35,20,01,181,*78	1770370313.860474
$GPGSV,5,3,18,22,04,087,30,24,76,199,36,25,23,295,27,29,16,230,26*79	1770370313.964366
$GPGSV,5,4,18,32,09,314,25,36,50,201,39,40,44,148,,41,27,116,*7E	1770370314.068752
$GPGSV,5,5,18,42,20,111,,49,40,227,*7B	1770370314.068805
$GLGSV,2,1,08,69,14,249,22,70,14,299,26,78,36,087,37,79,54,007,39*6C	1770370314.172377
$GLGSV,2,2,08,80,17,315,27,81,69,120,33,82,32,183,26,88,32,036,31*67	1770370314.172429
$GNGLL,3252.79115,N,03516.14858,E,093138.00,A,A*7B	1770370314.276330
$GNRMC,093139.00,A,3252.79115,N,03516.14764,E,2.455,277.35,060226,,,A*7F	1770370314.484339
$GNVTG,277.35,T,,M,2.455,N,4.546,K,A*22	1770370314.588330
$GNGGA,093139.00,3252.79115,N,03516.14764,E,1,12,0.78,279.4,M,18.9,M,,*4B	1770370314.588417
$GNGSA,A,3,24,06,12,19,15,11,29,25,,,,,1.55,0.78,1.34*17	1770370314.692357
$GNGSA,A,3,81,78,79,80,82,88,69,,,,,,1.55,0.78,1.34*11	1770370314.692405
$GPGSV,5,1,18,06,37,070,39,11,43,131,31,12,56,331,40,13,02,175,*7B	1770370314.796367
$GPGSV,5,2,18,15,08,200,21,17,02,047,07,19,25,044,41,20,01,181,*7B	1770370314.900353
$GPGSV,5,3,18,22,04,087,29,24,76,199,33,25,24,296,26,29,16,230,25*72	1770370315.004378
$GPGSV,5,4,18,32,09,314,25,36,50,201,37,40,44,148,,41,27,116,*70	1770370315.004427
$GPGSV,5,5,18,42,20,111,,49,40,227,28*71	1770370315.108389
$GLGSV,2,1,08,69,14,249,23,70,14,299,26,78,36,087,40,79,54,007,39*6D	1770370315.108660
$GLGSV,2,2,08,80,17,315,28,81,69,120,34,82,32,183,33,88,32,036,37*6D	1770370315.212462
$GNGLL,3252.79115,N,03516.14764,E,093139.00,A,A*7A	1770370315.316350
$GNRMC,093140.00,A,3252.79077,N,03516.14666,E,1.924,267.28,060226,,,A*72	1770370315.524364
$GNVTG,267.28,T,,M,1.924,N,3.564,K,A*20	1770370315.524412
$GNGGA,093140.00,3252.79077,N,03516.14666,E,1,12,0.70,279.2,M,18.9,M,,*4D	1770370315.628637
$GNGSA,A,3,24,06,12,19,15,11,29,25,,,,,1.37,0.70,1.18*15	1770370315.732406
$GNGSA,A,3,81,78,79,80,82,88,69,,,,,,1.37,0.70,1.18*13	1770370315.732459
$GPGSV,5,1,18,06,37,070,40,11,43,131,34,12,56,331,38,13,02,175,*7F	1770370315.836356
$GPGSV,5,2,18,15,08,200,21,17,02,047,07,19,25,044,37,20,01,181,*7A	1770370315.836406
$GPGSV,5,3,18,22,04,087,27,24,76,199,36,25,24,296,31,29,16,230,25*7F	1770370315.940378
$GPGSV,5,4,18,32,09,314,25,36,50,201,36,40,44,148,,41,27,116,*71	1770370316.044420
$GPGSV,5,5,18,42,20,111,,49,40,227,33*7B	1770370316.044472
$GLGSV,2,1,08,69,14,249,24,70,14,299,26,78,36,087,41,79,54,007,40*65	1770370316.148359
$GLGSV,2,2,08,80,17,315,28,81,69,120,34,82,32,183,38,88,32,036,37*66	1770370316.252389
$GNGLL,3252.79077,N,03516.14666,E,093140.00,A,A*72	1770370316.252440
$GNRMC,093141.00,A,3252.79061,N,03516.14565,E,2.340,274.65,060226,,,A*74	1770370316.460413
$GNVTG,274.65,T,,M,2.340,N,4.334,K,A*24	1770370316.564391
$GNGGA,093141.00,3252.79061,N,03516.14565,E,1,12,0.76,278.8,M,18.9,M,,*46	1770370316.668394
$GNGSA,A,3,24,06,12,19,15,11,29,25,,,,,1.43,0.76,1.21*1A	1770370316.668481
$GNGSA,A,3,81,78,79,80,82,88,69,,,,,,1.43,0.76,1.21*1C	1770370316.772399
$GPGSV,5,1,18,06,37,070,41,11,43,131,34,12,56,331,36,13,02,175,*70	1770370316.772453
$GPGSV,5,2,18,15,08,200,20,17,02,047,,19,25,044,37,20,01,181,*7C	1770370316.876446
$GPGSV,5,3,18,22,04,087,26,24,76,199,36,25,24,296,26,29,16,230,26*7B	1770370316.980429
$GPGSV,5,4,18,32,09,314,25,36,50,201,38,40,44,148,,41,27,116,*7F	1770370316.980482
$GPGSV,5,5,18,42,20,111,,49,40,227,34*7C	1770370317.085219
$GLGSV,2,1,08,69,14,249,23,70,14,299,25,78,36,087,38,79,54,007,38*60	1770370317.188443
$GLGSV,2,2,08,80,17,315,30,81,69,120,35,82,32,183,37,88,32,036,38*6E	1770370317.188494
$GNGLL,3252.79061,N,03516.14565,E,093141.00,A,A*74	1770370317.292498
$GNRMC,093142.00,A,3252.79062,N,03516.14469,E,2.302,275.96,060226,,,A*72	1770370317.500459
$GNVTG,275.96,T,,M,2.302,N,4.264,K,A*2B	1770370317.500508
$GNGGA,093142.00,3252.79062,N,03516.14469,E,1,12,0.70,278.7,M,18.9,M,,*42	1770370317.604476
$GNGSA,A,3,24,06,12,19,15,11,29,25,,,,,1.37,0.70,1.18*15	1770370317.708402
$GNGSA,A,3,81,78,79,80,82,88,69,,,,,,1.37,0.70,1.18*13	1770370317.708455
$GPGSV,5,1,18,06,37,070,42,11,43,131,38,12,56,331,38,13,02,175,*71	1770370317.812412
$GPGSV,5,2,18,15,08,200,19,17,02,047,,19,25,044,35,20,01,181,*74	1770370317.916345
$GPGSV,5,3,18,22,04,087,26,24,76,199,34,25,24,296,27,29,16,230,25*7B	1770370317.916396
$GPGSV,5,4,18,32,09,314,26,36,50,201,32,40,44,148,38,41,27,116,*7D	1770370318.020343
$GPGSV,5,5,18,42,20,111,,49,40,227,31*79	1770370318.124390
$GLGSV,2,1,08,69,14,249,22,70,14,299,24,78,36,087,40,79,54,007,40*60	1770370318.124443
$GLGSV,2,2,08,80,17,315,33,81,69,120,34,82,32,183,32,88,32,036,36*67	1770370318.228349
$GNGLL,3252.79062,N,03516.14469,E,093142.00,A,A*79	1770370318.228402
$GNRMC,093143.00,A,3252.79063,N,03516.14370,E,2.283,273.29,060226,,,A*77	1770370318.540438
$GNVTG,273.29,T,,M,2.283,N,4.228,K,A*29	1770370318.540489
$GNGGA,093143.00,3252.79063,N,03516.14370,E,1,12,0.74,278.4,M,18.9,M,,*4A	1770370318.644365
$GNGSA,A,3,24,06,12,19,11,29,25,,,,,,1.49,0.74,1.29*1E	1770370318.644417
$GNGSA,A,3,81,78,79,80,82,88,69,,,,,,1.49,0.74,1.29*1C	1770370318.748372
$GPGSV,5,1,18,06,37,070,42,11,43,131,42,12,56,331,37,13,02,175,*73	1770370318.852384
$GPGSV,5,2,18,15,08,200,,17,02,047,,19,25,044,40,20,01,181,*7E	1770370318.852433
$GPGSV,5,3,18,22,04,087,25,24,76,199,34,25,24,296,27,29,17,231,26*7B	1770370318.956434
$GPGSV,5,4,18,32,09,314,26,36,50,201,39,40,44,148,39,41,27,116,*77	1770370319.060565
$GPGSV,5,5,18,42,20,111,,49,40,227,30*78	1770370319.060835
$GLGSV,2,1,08,69,14,249,22,70,14,299,25,78,36,087,40,79,54,007,39*6F	1770370319.164461
$GLGSV,2,2,08,80,17,315,33,81,69,120,35,82,32,183,31,88,32,036,35*66	1770370319.164515
$GNGLL,3252.79063,N,03516.14370,E,093143.00,A,A*76	1770370319.268391
$GNRMC,093144.00,A,3252.79058,N,03516.14271,E,2.277,273.37,060226,,,A*7C	1770370319.476410
$GNVTG,273.37,T,,M,2.277,N,4.216,K,A*20	1770370319.580332
$GNGGA,093144.00,3252.79058,N,03516.14271,E,1,12,0.75,278.1,M,18.9,M,,*41	1770370319.580418
$GNGSA,A,3,24,06,12,19,11,29,25,,,,,,1.59,0.75,1.41*10	1770370319.684452
$GNGSA,A,3,81,78,79,80,82,88,69,,,,,,1.59,0.75,1.41*12	1770370319.788417
$GPGSV,5,1,18,06,37,070,41,11,43,131,42,12,56,331,41,13,02,175,*71	1770370319.788466
$GPGSV,5,2,18,15,08,200,25,17,02,047,,19,25,044,43,20,01,181,*7A	1770370319.892735
$GPGSV,5,3,18,22,04,087,31,24,76,199,35,25,24,296,31,29,17,231,25*7B	1770370319.996372
$GPGSV,5,4,18,32,09,314,24,36,50,201,38,40,44,148,39,41,27,116,*74	1770370319.996424
$GPGSV,5,5,18,42,20,111,,49,40,227,29*70	1770370320.100372
$GLGSV,2,1,08,69,14,249,21,70,14,299,27,78,36,087,39,79,54,007,34*6D	1770370320.100422
$GLGSV,2,2,08,80,17,315,37,81,69,120,34,82,32,183,31,88,32,036,37*61	1770370320.204362
$GNGLL,3252.79058,N,03516.14271,E,093144.00,A,A*79	1770370320.308369
$GNRMC,093145.00,A,3252.79071,N,03516.14182,E,2.342,279.01,060226,,,A*71	1770370320.516364
$GNVTG,279.01,T,,M,2.342,N,4.338,K,A*25	1770370320.516415
$GNGGA,093145.00,3252.79071,N,03516.14182,E,1,12,0.79,278.4,M,18.9,M,,*4D	1770370320.620449
$GNGSA,A,3,24,06,12,19,11,29,25,,,,,,1.51,0.79,1.29*1A	1770370320.724393
$GNGSA,A,3,81,78,79,80,82,88,69,,,,,,1.51,0.79,1.29*18	1770370320.724445
$GPGSV,5,1,18,06,37,070,42,11,43,131,41,12,56,331,40,13,02,175,*70	1770370320.828397
$GPGSV,5,2,18,15,08,200,22,17,02,047,,19,25,044,40,20,01,181,*7E	1770370320.932366
$GPGSV,5,3,18,22,04,087,31,24,76,199,36,25,24,296,27,29,17,231,25*7F	1770370320.932417
$GPGSV,5,4,18,32,10,314,24,36,50,201,37,40,44,148,38,41,27,116,*72	1770370321.036316
$GPGSV,5,5,18,42,20,111,,49,40,227,30*78	1770370321.036365
$GLGSV,2,1,08,69,14,249,21,70,14,299,26,78,36,087,40,79,54,007,38*6E	1770370321.140419
$GLGSV,2,2,08,80,17,315,33,81,69,120,35,82,32,183,26,88,32,036,31*64	1770370321.244349
$GNGLL,3252.79071,N,03516.14182,E,093145.00,A,A*7C	1770370321.244438
$GNRMC,093146.00,A,3252.79077,N,03516.14095,E,2.556,274.86,060226,,,A*72	1770370321.556465
$GNVTG,274.86,T,,M,2.556,N,4.734,K,A*2C	1770370321.556520
$GNGGA,093146.00,3252.79077,N,03516.14095,E,1,12,0.74,279.1,M,18.9,M,,*46	1770370321.660350
$GNGSA,A,3,24,06,12,19,11,29,25,,,,,,1.49,0.74,1.29*1E	1770370321.660404
$GNGSA,A,3,81,78,79,80,82,88,69,,,,,,1.49,0.74,1.29*1C	1770370321.764501
$GPGSV,5,1,18,06,37,070,42,11,43,131,39,12,56,331,44,13,02,175,*7B	1770370321.868338
$GPGSV,5,2,18,15,08,200,25,17,02,047,,19,25,044,37,20,01,181,*79	1770370321.868423
$GPGSV,5,3,18,22,04,087,33,24,76,199,38,25,24,296,28,29,17,231,25*7C	1770370321.972426
$GPGSV,5,4,18,32,10,314,25,36,50,201,35,40,44,148,37,41,27,116,*7E	1770370322.076606
$GPGSV,5,5,18,42,20,111,,49,40,227,29*70	1770370322.076697
$GLGSV,2,1,08,69,14,249,22,70,14,299,25,78,36,087,40,79,54,007,38*6E	1770370322.180387
$GLGSV,2,2,08,80,17,315,29,81,69,120,33,82,32,183,28,88,32,036,37*61	1770370322.180440
$GNGLL,3252.79077,N,03516.14095,E,093146.00,A,A*7E	1770370322.284329
$GNRMC,093147.00,A,3252.79074,N,03516.14005,E,2.641,271.46,060226,,,A*75	1770370322.492360
$GNVTG,271.46,T,,M,2.641,N,4.891,K,A*20	1770370322.596351
$GNGGA,093147.00,3252.79074,N,03516.14005,E,1,12,0.88,280.0,M,18.9,M,,*49	1770370322.596405
$GNGSA,A,3,24,06,12,19,11,29,25,,,,,,1.60,0.88,1.33*1D	1770370322.700407
$GNGSA,A,3,81,78,79,80,82,88,69,,,,,,1.60,0.88,1.33*1F	1770370322.700458
$GPGSV,5,1,18,06,37,070,43,11,43,131,34,12,56,331,43,13,02,175,*70	1770370322.804465
$GPGSV,5,2,18,15,08,200,22,17,02,047,,19,25,044,39,20,01,181,*70	1770370322.908362
$GPGSV,5,3,18,22,04,087,28,24,76,199,39,25,24,296,28,29,17,231,25*77	1770370322.908415
$GPGSV,5,4,18,32,10,314,30,36,50,201,38,40,44,148,30,41,27,116,*70	1770370323.012446
$GPGSV,5,5,18,42,20,111,,49,40,227,29*70	1770370323.116408
$GLGSV,2,1,08,69,14,249,23,70,14,299,24,78,36,087,39,79,54,007,34*6C	1770370323.116462
$GLGSV,2,2,08,80,17,315,31,81,69,120,37,82,32,183,29,88,32,036,34*6E	1770370323.220389
$GNGLL,3252.79074,N,03516.14005,E,093147.00,A,A*75	1770370323.220441
$GNRMC,093148.00,A,3252.79065,N,03516.13901,E,2.598,273.30,060226,,,A*74	1770370323.532376
$GNVTG,273.30,T,,M,2.598,N,4.811,K,A*2C	1770370323.532426
$GNGGA,093148.00,3252.79065,N,03516.13901,E,1,12,0.79,280.1,M,18.9,M,,*43	1770370323.636332
$GNGSA,A,3,24,06,12,19,11,29,25,,,,,,1.54,0.79,1.32*15	1770370323.636419
$GNGSA,A,3,81,78,79,80,82,88,69,,,,,,1.54,0.79,1.32*17	1770370323.740420
$GPGSV,5,1,18,06,37,070,39,11,43,131,44,12,56,331,42,13,02,175,*7B	1770370323.844375
$GPGSV,5,2,18,15,08,200,22,17,02,047,,19,25,044,39,20,01,181,*70	1770370323.844426
$GPGSV,5,3,18,22,04,087,30,24,76,199,36,25,24,296,27,29,17,231,25*7E	1770370323.948399
$GPGSV,5,4,18,32,10,314,29,36,50,201,38,40,44,148,36,41,27,116,*7E	1770370324.052430
$GPGSV,5,5,18,42,20,111,,49,40,227,36*7E	1770370324.052483
$GLGSV,2,1,08,69,14,249,25,70,14,299,24,78,36,087,40,79,54,007,40*67	1770370324.156478
$GLGSV,2,2,08,80,17,315,21,81,69,120,33,82,32,183,37,88,32,036,39*69	1770370324.260378
$GNGLL,3252.79065,N,03516.13901,E,093148.00,A,A*70	1770370324.260427
$GNRMC,093149.00,A,3252.79045,N,03516.13793,E,2.426,270.78,060226,,,A*79	1770370324.468473
$GNVTG,270.78,T,,M,2.426,N,4.492,K,A*20	1770370324.572360
$GNGGA,093149.00,3252.79045,N,03516.13793,E,1,12,0.70,279.7,M,18.9,M,,*4C	1770370324.676356
$GNGSA,A,3,24,06,12,19,15,11,29,25,,,,,1.37,0.70,1.18*15	1770370324.676405
$GNGSA,A,3,81,78,79,80,82,88,69,,,,,,1.37,0.70,1.18*13	1770370324.780421
$GPGSV,5,1,18,06,37,070,40,11,43,131,41,12,56,331,40,13,02,175,*72	1770370324.780469
$GPGSV,5,2,18,15,08,200,21,17,02,047,,19,25,044,40,20,01,181,*7D	1770370324.884335
$GPGSV,5,3,18,22,04,087,29,24,76,199,37,25,24,296,27,29,17,231,25*77	1770370324.988345
$GPGSV,5,4,18,32,10,314,23,36,50,201,38,40,44,148,36,41,27,116,*74	1770370324.988395
$GPGSV,5,5,18,42,20,111,,49,40,227,34*7C	1770370325.092403
$GLGSV,2,1,08,69,14,249,25,70,14,299,22,78,36,087,40,79,54,007,35*63	1770370325.092454
$GLGSV,2,2,08,80,17,315,29,81,69,120,36,82,32,183,39,88,32,036,39*6A	1770370325.196345
$GNGLL,3252.79045,N,03516.13793,E,093149.00,A,A*76	1770370325.300331
$GNRMC,093150.00,A,3252.79043,N,03516.13696,E,2.483,275.84,060226,,,A*7A	1770370325.508357
$GNVTG,275.84,T,,M,2.483,N,4.598,K,A*22	1770370325.508405
$GNGGA,093150.00,3252.79043,N,03516.13696,E,1,12,0.70,279.8,M,18.9,M,,*49	1770370325.612352
$GNGSA,A,3,24,06,12,19,15,11,29,25,,,,,1.37,0.70,1.18*15	1770370325.716406
$GNGSA,A,3,81,78,79,80,82,88,69,,,,,,1.37,0.70,1.18*13	1770370325.716459
$GPGSV,5,1,18,06,37,070,43,11,43,131,42,12,56,331,40,13,02,175,*72	1770370325.820398
$GPGSV,5,2,18,15,08,200,22,17,02,047,,19,25,044,37,20,01,181,*7E	1770370325.924357
$GPGSV,5,3,18,22,04,087,29,24,76,199,37,25,24,296,27,29,17,231,25*77	1770370325.924443
$GPGSV,5,4,18,32,10,314,24,36,50,201,40,40,44,148,38,41,27,116,*72	1770370326.028339
$GPGSV,5,5,18,42,20,111,,49,40,227,34*7C	1770370326.028389
$GLGSV,2,1,08,69,14,249,25,70,14,299,21,78,36,087,42,79,54,007,38*6F	1770370326.132338
$GLGSV,2,2,08,80,17,315,28,81,69,120,35,82,32,183,36,88,32,036,33*6D	1770370326.236408
$GNGLL,3252.79043,N,03516.13696,E,093150.00,A,A*7C	1770370326.236460
$GNRMC,093151.00,A,3252.79049,N,03516.13595,E,2.550,280.26,060226,,,A*7C	1770370326.548349
$GNVTG,280.26,T,,M,2.550,N,4.722,K,A*2C	1770370326.548403
$GNGGA,093151.00,3252.79049,N,03516.13595,E,1,12,0.70,279.5,M,18.9,M,,*4F	1770370326.652712
$GNGSA,A,3,24,06,12,19,15,11,29,25,,,,,1.37,0.70,1.18*15	1770370326.652767
$GNGSA,A,3,81,78,79,80,82,88,69,,,,,,1.37,0.70,1.18*13	1770370326.756334
$GPGSV,5,1,18,06,37,070,42,11,43,131,43,12,56,331,37,13,02,175,*72	1770370326.860374
$GPGSV,5,2,18,15,08,200,21,17,02,047,,19,25,044,34,20,01,181,*7E	1770370326.860424
$GPGSV,5,3,18,22,04,087,29,24,76,199,37,25,24,296,26,29,17,231,25*76	1770370326.964354
$GPGSV,5,4,18,32,10,314,23,36,50,201,39,40,44,148,38,41,27,116,*7B	1770370327.069245
$GPGSV,5,5,18,42,20,111,,49,40,227,32*7A	1770370327.069517
$GLGSV,2,1,08,69,14,249,27,70,14,299,,78,36,087,39,79,54,007,42*6F	1770370327.172439
$GLGSV,2,2,08,80,17,315,28,81,69,120,36,82,32,183,35,88,32,036,36*68	1770370327.172494
$GNGLL,3252.79049,N,03516.13595,E,093151.00,A,A*77	1770370327.276410
$GNRMC,093152.00,A,3252.79072,N,03516.13503,E,2.596,286.45,060226,,,A*71	1770370327.484431
$GNVTG,286.45,T,,M,2.596,N,4.808,K,A*22	1770370327.588451
$GNGGA,093152.00,3252.79072,N,03516.13503,E,1,12,0.70,279.3,M,18.9,M,,*4D	1770370327.588501
$GNGSA,A,3,24,06,12,19,15,11,29,25,,,,,1.37,0.70,1.18*15	1770370327.692461
$GNGSA,A,3,81,78,79,80,82,88,69,,,,,,1.37,0.70,1.18*13	1770370327.692511
$GPGSV,5,1,18,06,37,070,40,11,43,131,43,12,56,331,39,13,02,175,*7E	1770370327.796346
$GPGSV,5,2,18,15,08,200,21,17,02,047,,19,25,044,37,20,01,181,*7D	1770370327.900346
$GPGSV,5,3,18,22,04,087,30,24,76,199,39,25,24,296,26,29,17,231,26*73	1770370328.004375
$GPGSV,5,4,18,32,10,314,22,36,50,201,38,40,44,148,36,41,27,116,*75	1770370328.004426
$GPGSV,5,5,18,42,20,111,,49,40,227,33*7B	1770370328.108432
$GLGSV,2,1,08,69,14,249,26,70,14,299,23,78,36,087,40,79,54,007,42*61	1770370328.108483
$GLGSV,2,2,08,80,17,315,28,81,69,120,37,82,32,183,32,88,32,036,35*6D	1770370328.212394
$GNGLL,3252.79072,N,03516.13503,E,093152.00,A,A*73	1770370328.316322
$GNRMC,093153.00,A,3252.79110,N,03516.13422,E,2.566,296.61,060226,,,A*7F	1770370328.524354
$GNVTG,296.61,T,,M,2.566,N,4.752,K,A*2A	1770370328.524404
$GNGGA,093153.00,3252.79110,N,03516.13422,E,1,12,0.74,279.6,M,18.9,M,,*4A	1770370328.628323
$GNGSA,A,3,24,06,12,19,15,11,29,25,,,,,1.39,0.74,1.18*1F	1770370328.732422
$GNGSA,A,3,81,78,79,80,82,88,69,,,,,,1.39,0.74,1.18*19	1770370328.732473
$GPGSV,5,1,18,06,37,070,40,11,43,131,44,12,56,331,38,13,02,175,*78	1770370328.836341
$GPGSV,5,2,18,15,08,200,21,17,02,047,,19,25,044,39,20,01,181,*73	1770370328.836390
$GPGSV,5,3,18,22,04,087,30,24,76,199,35,25,24,296,25,29,17,231,25*7F	1770370328.940406
$GPGSV,5,4,18,32,10,314,22,36,50,201,31,40,44,148,40,41,27,116,*7D	1770370329.044373
$GPGSV,5,5,18,42,20,111,,49,40,227,33*7B	1770370329.044423
$GLGSV,2,1,08,69,14,249,25,70,14,299,,78,36,087,41,79,54,007,37*60	1770370329.148392
$GLGSV,2,2,08,80,17,315,28,81,69,120,34,82,32,183,32,88,32,036,34*6F	1770370329.252356
$GNGLL,3252.79110,N,03516.13422,E,093153.00,A,A*75	1770370329.252405
$GNRMC,093154.00,A,3252.79138,N,03516.13382,E,1.078,303.09,060226,,,A*75	1770370329.460418
$GNVTG,303.09,T,,M,1.078,N,1.996,K,A*23	1770370329.564342
$GNGGA,093154.00,3252.79138,N,03516.13382,E,1,12,0.72,279.5,M,18.9,M,,*4F	1770370329.668342
$GNGSA,A,3,24,06,12,19,15,11,29,25,,,,,1.39,0.72,1.18*19	1770370329.668394
