ð$GNRMC,092249.00,A,3252.79081,N,03516.12408,E,0.076,,060226,,,A*64	1770369784.536272
$GNVTG,,T,,M,0.076,N,0.141,K,A*38	1770369784.536447
$GNGGA,092249.00,3252.79081,N,03516.12408,E,1,09,1.16,276.0,M,18.9,M,,*45	1770369784.640223
$GNGSA,A,3,24,06,12,19,15,,,,,,,,1.93,1.16,1.54*1E	1770369784.640275
$GNGSA,A,3,81,78,79,88,,,,,,,,,1.93,1.16,1.54*19	1770369784.744176
$GPGSV,4,1,13,06,38,076,26,11,,,35,12,54,324,37,15,11,203,18*4F	1770369784.744229
$GPGSV,4,2,13,17,06,046,17,19,29,043,28,20,04,183,,22,06,083,19*7E	1770369784.848146
$GPGSV,4,3,13,24,80,213,43,25,,,31,36,50,201,41,40,46,147,39*48	1770369784.952193
$GPGSV,4,4,13,49,40,227,34*42	1770369784.952246
$GLGSV,3,1,09,68,00,210,,69,16,253,29,70,14,304,20,78,38,081,34*69	1770369785.056221
$GLGSV,3,2,09,79,52,000,36,80,14,312,22,81,66,130,38,82,28,183,26*62	1770369785.056305
$GLGSV,3,3,09,88,36,039,34*54	1770369785.160218
$GNGLL,3252.79081,N,03516.12408,E,092249.00,A,A*7C	1770369785.160268
$GNRMC,092250.00,A,3252.79072,N,03516.12407,E,0.214,,060226,,,A*69	1770369785.472146
$GNVTG,,T,,M,0.214,N,0.397,K,A*37	1770369785.472195
$GNGGA,092250.00,3252.79072,N,03516.12407,E,1,09,1.16,275.7,M,18.9,M,,*4A	1770369785.576197
$GNGSA,A,3,24,06,12,19,15,,,,,,,,1.93,1.16,1.54*1E	1770369785.680213
$GNGSA,A,3,81,78,79,88,,,,,,,,,1.93,1.16,1.54*19	1770369785.680266
$GPGSV,4,1,13,06,38,076,35,11,,,38,12,54,324,35,15,11,203,20*49	1770369785.784127
$GPGSV,4,2,13,17,06,046,17,19,29,043,32,20,04,183,,22,06,083,21*7E	1770369785.888138
$GPGSV,4,3,13,24,80,213,44,25,,,37,36,50,201,39,40,46,147,41*49	1770369785.888227
$GPGSV,4,4,13,49,40,227,35*43	1770369785.992201
$GLGSV,3,1,09,68,00,210,,69,16,253,24,70,14,304,24,78,38,081,31*65	1770369785.992255
$GLGSV,3,2,09,79,52,000,35,80,14,312,24,81,66,130,36,82,28,183,27*68	1770369786.096218
$GLGSV,3,3,09,88,36,039,33*53	1770369786.096309
$GNGLL,3252.79072,N,03516.12407,E,092250.00,A,A*77	1770369786.200247
$GNRMC,092251.00,A,3252.79063,N,03516.12420,E,0.174,,060226,,,A*68	1770369786.512187
$GNVTG,,T,,M,0.174,N,0.323,K,A*3D	1770369786.512240
$GNGGA,092251.00,3252.79063,N,03516.12420,E,1,09,1.16,275.5,M,18.9,M,,*4C	1770369786.616224
$GNGSA,A,3,24,06,12,19,15,,,,,,,,1.93,1.16,1.54*1E	1770369786.616278
$GNGSA,A,3,81,78,79,88,,,,,,,,,1.93,1.16,1.54*19	1770369786.720223
$GPGSV,4,1,13,06,38,076,34,11,,,38,12,54,324,40,15,11,203,23*49	1770369786.824257
$GPGSV,4,2,13,17,06,046,17,19,29,043,26,20,04,183,,22,06,083,22*78	1770369786.824307
$GPGSV,4,3,13,24,80,213,44,25,,,36,36,50,201,40,40,46,147,40*47	1770369786.928151
$GPGSV,4,4,13,49,40,227,36*40	1770369786.928202
$GLGSV,3,1,09,68,00,210,,69,16,253,23,70,14,304,27,78,38,081,34*64	1770369787.032209
$GLGSV,3,2,09,79,52,000,35,80,14,312,25,81,66,130,38,82,28,183,27*67	1770369787.136178
$GLGSV,3,3,09,88,36,039,31*51	1770369787.136232
$GNGLL,3252.79063,N,03516.12420,E,092251.00,A,A*73	1770369787.136262
$GNRMC,092252.00,A,3252.79049,N,03516.12428,E,0.077,,060226,,,A*69	1770369787.448281
$GNVTG,,T,,M,0.077,N,0.142,K,A*3A	1770369787.552131
$GNGGA,092252.00,3252.79049,N,03516.12428,E,1,09,1.16,274.9,M,18.9,M,,*42	1770369787.656163
$GNGSA,A,3,24,06,12,19,15,,,,,,,,1.93,1.16,1.54*1E	1770369787.656214
$GNGSA,A,3,81,78,79,88,,,,,,,,,1.93,1.16,1.54*19	1770369787.656243
$GPGSV,4,1,13,06,38,076,35,11,,,38,12,54,324,40,15,11,203,24*4F	1770369787.760170
$GPGSV,4,2,13,17,06,046,16,19,29,043,27,20,04,183,,22,06,083,23*79	1770369787.864192
$GPGSV,4,3,13,24,80,213,44,25,,,35,36,50,201,39,40,46,147,40*4A	1770369787.864245
$GPGSV,4,4,13,49,40,227,35*43	1770369787.968285
$GLGSV,3,1,09,68,00,210,,69,16,253,20,70,14,304,27,78,38,081,33*60	1770369787.968341
$GLGSV,3,2,09,79,52,000,36,80,14,312,25,81,66,130,38,82,28,183,27*64	1770369788.072512
$GLGSV,3,3,09,88,35,039,30*53	1770369788.072567
$GNGLL,3252.79049,N,03516.12428,E,092252.00,A,A*70	1770369788.176771
$GNRMC,092253.00,A,3252.79032,N,03516.12430,E,0.061,,060226,,,A*6A	1770369788.488232
$GNVTG,,T,,M,0.061,N,0.113,K,A*39	1770369788.488283
$GNGGA,092253.00,3252.79032,N,03516.12430,E,1,09,1.16,274.3,M,18.9,M,,*4C	1770369788.592142
$GNGSA,A,3,24,06,12,19,15,,,,,,,,1.93,1.16,1.54*1E	1770369788.696137
$GNGSA,A,3,81,78,79,88,,,,,,,,,1.93,1.16,1.54*19	1770369788.696477
$GPGSV,4,1,13,06,38,076,34,11,,,38,12,54,324,40,15,11,203,25*4F	1770369788.800236
$GPGSV,4,2,13,17,06,046,14,19,29,043,29,20,04,183,,22,06,083,25*73	1770369788.800289
$GPGSV,4,3,13,24,80,213,42,25,,,36,36,50,201,41,40,46,147,40*40	1770369788.904190
$GPGSV,4,4,13,49,40,227,36*40	1770369788.904244
$GLGSV,3,1,09,68,00,210,,69,16,253,19,70,14,304,28,78,38,081,33*65	1770369789.008172
$GLGSV,3,2,09,79,52,000,37,80,14,312,26,81,66,130,37,82,28,183,27*69	1770369789.112161
$GLGSV,3,3,09,88,35,039,29*5B	1770369789.112251
$GNGLL,3252.79032,N,03516.12430,E,092253.00,A,A*74	1770369789.216134
$GNRMC,092254.00,A,3252.79026,N,03516.12439,E,0.093,,060226,,,A*6C	1770369789.528178
$GNVTG,,T,,M,0.093,N,0.172,K,A*33	1770369789.528230
$GNGGA,092254.00,3252.79026,N,03516.12439,E,1,09,1.16,274.1,M,18.9,M,,*45	1770369789.632156
$GNGSA,A,3,24,06,12,19,15,,,,,,,,1.93,1.16,1.54*1E	1770369789.632211
$GNGSA,A,3,81,78,79,88,,,,,,,,,1.93,1.16,1.54*19	1770369789.736143
$GPGSV,4,1,13,06,38,075,32,11,,,39,12,54,324,39,15,11,203,23*43	1770369789.736195
$GPGSV,4,2,13,17,06,046,13,19,29,043,30,20,04,183,,22,06,083,22*7B	1770369789.840222
$GPGSV,4,3,13,24,80,213,43,25,,,36,36,50,201,41,40,46,147,41*40	1770369789.944210
$GPGSV,4,4,13,49,40,227,35*43	1770369789.944262
$GLGSV,3,1,09,68,00,210,,69,16,253,20,70,14,304,28,78,38,081,33*6F	1770369790.048227
$GLGSV,3,2,09,79,52,000,36,80,14,312,26,81,66,130,38,82,28,183,27*67	1770369790.048279
$GLGSV,3,3,09,88,35,039,27*55	1770369790.152188
$GNGLL,3252.79026,N,03516.12439,E,092254.00,A,A*7F	1770369790.152239
$GNRMC,092255.00,A,3252.79037,N,03516.12454,E,0.451,,060226,,,A*6C	1770369790.464157
$GNVTG,,T,,M,0.451,N,0.835,K,A*33	1770369790.568222
$GNGGA,092255.00,3252.79037,N,03516.12454,E,1,09,1.16,274.5,M,18.9,M,,*4B	1770369790.568274
$GNGSA,A,3,24,06,12,19,15,,,,,,,,1.93,1.16,1.54*1E	1770369790.672202
$GNGSA,A,3,81,78,79,88,,,,,,,,,1.93,1.16,1.54*19	1770369790.672253
$GPGSV,4,1,13,06,38,075,38,11,,,39,12,55,325,39,15,11,203,22*48	1770369790.776195
$GPGSV,4,2,13,17,06,046,14,19,29,043,39,20,04,183,,22,06,083,22*75	1770369790.880401
$GPGSV,4,3,13,24,80,213,39,25,,,38,36,50,201,41,40,46,147,37*42	1770369790.880452
$GPGSV,4,4,13,49,40,227,39*4F	1770369790.984216
$GLGSV,3,1,09,68,00,210,,69,16,253,22,70,14,304,33,78,38,081,29*6C	1770369790.984270
$GLGSV,3,2,09,79,52,000,29,80,14,312,27,81,66,130,38,82,28,183,27*68	1770369791.088301
$GLGSV,3,3,09,88,35,039,35*56	1770369791.088359
$GNGLL,3252.79037,N,03516.12454,E,092255.00,A,A*75	1770369791.192185
$GNRMC,092256.00,A,3252.79037,N,03516.12459,E,0.406,,060226,,,A*60	1770369791.504172
$GNVTG,,T,,M,0.406,N,0.752,K,A*3F	1770369791.504221
$GNGGA,092256.00,3252.79037,N,03516.12459,E,1,09,1.16,274.3,M,18.9,M,,*43	1770369791.608181
$GNGSA,A,3,24,06,12,19,15,,,,,,,,1.93,1.16,1.54*1E	1770369791.608233
$GNGSA,A,3,81,78,79,88,,,,,,,,,1.93,1.16,1.54*19	1770369791.712176
$GPGSV,4,1,13,06,38,075,34,11,,,30,12,55,325,43,15,11,203,23*41	1770369791.816250
$GPGSV,4,2,13,17,06,046,,19,29,043,37,20,04,183,,22,06,083,20*7C	1770369791.816304
$GPGSV,4,3,13,24,80,213,42,25,,,38,36,50,201,38,40,46,147,35*42	1770369791.920763
$GPGSV,4,4,13,49,40,227,34*42	1770369791.920819
$GLGSV,3,1,09,68,00,210,,69,16,253,28,70,14,304,28,78,38,081,34*60	1770369792.024179
$GLGSV,3,2,09,79,52,000,30,80,14,312,26,81,66,130,35,82,28,183,18*60	1770369792.128134
$GLGSV,3,3,09,88,35,039,31*52	1770369792.128187
$GNGLL,3252.79037,N,03516.12459,E,092256.00,A,A*7B	1770369792.128218
$GNRMC,092257.00,A,3252.79035,N,03516.12465,E,0.078,,060226,,,A*61	1770369792.440239
$GNVTG,,T,,M,0.078,N,0.144,K,A*33	1770369792.544210
$GNGGA,092257.00,3252.79035,N,03516.12465,E,1,09,1.16,274.1,M,18.9,M,,*4D	1770369792.648195
$GNGSA,A,3,24,06,12,19,15,,,,,,,,1.93,1.16,1.54*1E	1770369792.648245
$GNGSA,A,3,81,78,79,88,,,,,,,,,1.93,1.16,1.54*19	1770369792.752131
$GPGSV,4,1,13,06,38,075,34,11,,,31,12,55,325,44,15,11,203,25*41	1770369792.752182
$GPGSV,4,2,13,17,06,046,,19,29,043,38,20,04,183,,22,06,083,17*77	1770369792.856148
$GPGSV,4,3,13,24,80,213,40,25,,,40,36,50,201,42,40,46,147,32*45	1770369792.960151
$GPGSV,4,4,13,49,40,227,34*42	1770369792.960470
$GLGSV,3,1,09,68,00,210,,69,16,253,26,70,14,304,29,78,38,081,36*6D	1770369793.064342
$GLGSV,3,2,09,79,52,000,29,80,14,312,24,81,66,130,36,82,28,183,20*62	1770369793.064398
$GLGSV,3,3,09,88,35,039,34*57	1770369793.168162
$GNGLL,3252.79035,N,03516.12465,E,092257.00,A,A*77	1770369793.168213
$GNRMC,092258.00,A,3252.79030,N,03516.12467,E,0.020,,060226,,,A*64	1770369793.480168
$GNVTG,,T,,M,0.020,N,0.036,K,A*3A	1770369793.480219
$GNGGA,092258.00,3252.79030,N,03516.12467,E,1,09,1.16,273.9,M,18.9,M,,*4A	1770369793.584209
$GNGSA,A,3,24,06,12,19,15,,,,,,,,1.93,1.16,1.54*1E	1770369793.688170
$GNGSA,A,3,81,78,79,88,,,,,,,,,1.93,1.16,1.54*19	1770369793.688221
$GPGSV,4,1,13,06,38,075,35,11,,,31,12,55,325,44,15,11,203,26*43	1770369793.792944
$GPGSV,4,2,13,17,05,046,,19,29,043,39,20,04,183,,22,06,083,15*77	1770369793.896274
$GPGSV,4,3,13,24,80,213,40,25,,,39,36,50,201,38,40,46,147,30*44	1770369793.896329
$GPGSV,4,4,13,49,40,227,35*43	1770369793.896361
$GLGSV,3,1,09,68,00,210,,69,16,253,26,70,14,304,28,78,38,081,36*6C	1770369794.000191
$GLGSV,3,2,09,79,52,000,34,80,14,312,23,81,66,130,35,82,28,183,20*6A	1770369794.104211
$GLGSV,3,3,09,88,35,039,34*57	1770369794.104265
$GNGLL,3252.79030,N,03516.12467,E,092258.00,A,A*7F	1770369794.208124
$GNRMC,092259.00,A,3252.79015,N,03516.12458,E,0.035,,060226,,,A*6A	1770369794.520235
$GNVTG,,T,,M,0.035,N,0.066,K,A*3B	1770369794.520290
$GNGGA,092259.00,3252.79015,N,03516.12458,E,1,09,1.16,273.3,M,18.9,M,,*4A	1770369794.624184
$GNGSA,A,3,24,06,12,19,15,,,,,,,,1.93,1.16,1.54*1E	1770369794.624236
$GNGSA,A,3,81,78,79,88,,,,,,,,,1.93,1.16,1.54*19	1770369794.728212
$GPGSV,4,1,13,06,38,075,37,11,,,30,12,55,325,44,15,11,203,30*47	1770369794.728265
$GPGSV,4,2,13,17,05,046,,19,29,043,41,20,04,183,,22,06,083,15*78	1770369794.832129
$GPGSV,4,3,13,24,80,213,39,25,,,39,36,50,201,40,40,46,147,29*4D	1770369794.936239
$GPGSV,4,4,13,49,40,227,35*43	1770369794.936292
$GLGSV,3,1,09,68,00,210,,69,16,253,26,70,14,304,28,78,38,081,36*6C	1770369795.040226
$GLGSV,3,2,09,79,52,000,35,80,14,312,24,81,66,130,35,82,28,183,18*67	1770369795.040279
$GLGSV,3,3,09,88,35,039,34*57	1770369795.144170
$GNGLL,3252.79015,N,03516.12458,E,092259.00,A,A*75	1770369795.144220
$GNRMC,092300.00,A,3252.79017,N,03516.12454,E,0.047,,060226,,,A*6C	1770369795.456291
$GNVTG,,T,,M,0.047,N,0.086,K,A*30	1770369795.560172
$GNGGA,092300.00,3252.79017,N,03516.12454,E,1,09,1.16,273.4,M,18.9,M,,*4E	1770369795.560226
$GNGSA,A,3,24,06,12,19,15,,,,,,,,1.93,1.16,1.54*1E	1770369795.664147
$GNGSA,A,3,81,78,79,88,,,,,,,,,1.93,1.16,1.54*19	1770369795.664197
$GPGSV,4,1,13,06,38,075,39,11,,,37,12,55,325,44,15,11,203,22*4D	1770369795.768180
$GPGSV,4,2,13,17,05,046,25,19,29,043,39,20,04,183,,22,06,083,16*73	1770369795.872257
$GPGSV,4,3,13,24,80,213,43,25,,,40,36,50,201,38,40,46,147,29*41	1770369795.872308
$GPGSV,4,4,13,49,40,227,37*41	1770369795.976176
$GLGSV,3,1,09,68,00,210,,69,16,253,32,70,14,304,28,78,38,081,32*6D	1770369795.976230
$GLGSV,3,2,09,79,52,000,36,80,14,312,24,81,66,130,36,82,28,183,21*6D	1770369796.080307
$GLGSV,3,3,09,88,35,039,32*51	1770369796.080357
$GNGLL,3252.79017,N,03516.12454,E,092300.00,A,A*76	1770369796.184146
$GNRMC,092301.00,A,3252.79033,N,03516.12459,E,1.024,89.74,060226,,,A*4E	1770369796.496146
$GNVTG,89.74,T,,M,1.024,N,1.896,K,A*10	1770369796.496237
$GNGGA,092301.00,3252.79033,N,03516.12459,E,1,10,1.04,273.1,M,18.9,M,,*4A	1770369796.600183
$GNGSA,A,3,24,06,12,19,15,11,,,,,,,1.84,1.04,1.52*1D	1770369796.704196
$GNGSA,A,3,81,78,79,88,,,,,,,,,1.84,1.04,1.52*1A	1770369796.704248
$GPGSV,4,1,13,06,38,075,37,11,40,135,38,12,55,325,37,15,11,203,24*7D	1770369796.808222
$GPGSV,4,2,13,17,05,046,24,19,29,043,22,20,04,183,,22,06,083,18*76	1770369796.912171
$GPGSV,4,3,13,24,80,213,40,25,,,36,36,50,201,40,40,46,147,38*4C	1770369796.912223
$GPGSV,4,4,13,49,40,227,41*40	1770369797.016228
$GLGSV,3,1,09,68,00,210,,69,16,253,32,70,14,304,22,78,38,081,37*62	1770369797.016282
$GLGSV,3,2,09,79,52,000,37,80,14,312,26,81,66,130,40,82,28,183,26*68	1770369797.120180
$GLGSV,3,3,09,88,35,039,27*55	1770369797.120231
$GNGLL,3252.79033,N,03516.12459,E,092301.00,A,A*7C	1770369797.224221
$GNRMC,092302.00,A,3252.79055,N,03516.12474,E,1.496,52.97,060226,,,A*44	1770369797.536161
$GNVTG,52.97,T,,M,1.496,N,2.771,K,A*13	1770369797.536213
$GNGGA,092302.00,3252.79055,N,03516.12474,E,1,10,1.04,272.7,M,18.9,M,,*41	1770369797.640146
$GNGSA,A,3,24,06,12,19,15,11,,,,,,,1.84,1.04,1.52*1D	1770369797.640235
$GNGSA,A,3,81,78,79,88,,,,,,,,,1.84,1.04,1.52*1A	1770369797.744220
$GPGSV,4,1,13,06,38,075,37,11,40,135,36,12,55,325,37,15,11,203,23*74	1770369797.848216
$GPGSV,4,2,13,17,05,046,23,19,29,043,30,20,04,183,,22,06,084,24*7A	1770369797.848268
$GPGSV,4,3,13,24,80,213,42,25,,,36,36,50,201,41,40,46,147,38*4F	1770369797.952165
$GPGSV,4,4,13,49,40,227,35*43	1770369797.952219
$GLGSV,3,1,09,68,00,210,,69,16,253,41,70,14,304,22,78,38,081,38*69	1770369798.056271
$GLGSV,3,2,09,79,52,000,37,80,14,312,26,81,66,130,40,82,28,183,25*6B	1770369798.056321
$GLGSV,3,3,09,88,35,039,31*52	1770369798.160142
$GNGLL,3252.79055,N,03516.12474,E,092302.00,A,A*70	1770369798.160230
$GNRMC,092303.00,A,3252.79081,N,03516.12503,E,1.353,37.96,060226,,,A*41	1770369798.472169
$GNVTG,37.96,T,,M,1.353,N,2.507,K,A*1C	1770369798.576238
$GNGGA,092303.00,3252.79081,N,03516.12503,E,1,10,1.04,272.8,M,18.9,M,,*47	1770369798.576291
$GNGSA,A,3,24,06,12,19,15,11,,,,,,,1.84,1.04,1.52*1D	1770369798.680274
$GNGSA,A,3,81,78,79,88,,,,,,,,,1.84,1.04,1.52*1A	1770369798.680327
$GPGSV,4,1,13,06,38,075,38,11,40,135,35,12,55,325,39,15,11,203,24*71	1770369798.784212
$GPGSV,4,2,13,17,05,046,21,19,29,043,35,20,04,183,,22,06,084,25*7C	1770369798.888191
$GPGSV,4,3,13,24,80,213,43,25,,,40,36,50,201,45,40,46,147,37*44	1770369798.888243
$GPGSV,4,4,13,49,40,227,40*41	1770369798.992233
$GLGSV,3,1,09,68,00,210,,69,16,253,35,70,14,304,29,78,38,081,35*6C	1770369798.992283
$GLGSV,3,2,09,79,52,000,36,80,14,312,26,81,66,130,36,82,28,183,24*6A	1770369799.096213
$GLGSV,3,3,09,88,35,039,31*52	1770369799.096267
$GNGLL,3252.79081,N,03516.12503,E,092303.00,A,A*79	1770369799.200123
$GNRMC,092304.00,A,3252.79106,N,03516.12524,E,1.407,35.37,060226,,,A*42	1770369799.512197
$GNVTG,35.37,T,,M,1.407,N,2.606,K,A*11	1770369799.512252
$GNGGA,092304.00,3252.79106,N,03516.12524,E,1,10,1.04,272.6,M,18.9,M,,*45	1770369799.616242
$GNGSA,A,3,24,06,12,19,15,11,,,,,,,1.84,1.04,1.52*1D	1770369799.720380
$GNGSA,A,3,81,78,79,88,,,,,,,,,1.84,1.04,1.52*1A	1770369799.720430
$GPGSV,4,1,13,06,38,075,32,11,40,135,38,12,55,325,40,15,11,203,25*79	1770369799.826318
$GPGSV,4,2,13,17,05,046,20,19,29,043,27,20,04,183,,22,06,084,26*7D	1770369799.826376
$GPGSV,4,3,13,24,79,211,41,25,,,25,36,50,201,42,40,46,147,36*47	1770369799.932245
$GPGSV,4,4,13,49,40,227,44*45	1770369799.932288
$GLGSV,3,1,09,68,00,210,,69,16,253,34,70,14,304,23,78,38,081,32*60	1770369800.044816
$GLGSV,3,2,09,79,52,000,35,80,14,312,27,81,66,130,38,82,28,183,30*63	1770369800.151228
$GLGSV,3,3,09,88,35,039,35*56	1770369800.151272
$GNGLL,3252.79106,N,03516.12524,E,092304.00,A,A*75	1770369800.151295
$GNRMC,092305.00,A,3252.79114,N,03516.12593,E,2.766,66.30,060226,,,A*4A	1770369800.463194
$GNVTG,66.30,T,,M,2.766,N,5.123,K,A*10	1770369800.567223
$GNGGA,092305.00,3252.79114,N,03516.12593,E,1,10,1.04,272.2,M,18.9,M,,*4F	1770369800.567266
$GNGSA,A,3,24,06,12,19,15,11,,,,,,,1.84,1.04,1.52*1D	1770369800.672136
$GNGSA,A,3,81,78,79,88,,,,,,,,,1.84,1.04,1.52*1A	1770369800.672191
$GPGSV,4,1,13,06,38,075,35,11,40,135,41,12,55,325,36,15,11,203,25*71	1770369800.775830
$GPGSV,4,2,13,17,05,046,18,19,29,043,32,20,04,183,,22,06,084,25*71	1770369800.879862
$GPGSV,4,3,13,24,79,211,41,25,,,31,36,50,201,38,40,46,147,35*4C	1770369800.879915
$GPGSV,4,4,13,49,40,227,43*42	1770369800.983833
$GLGSV,3,1,09,68,00,210,,69,16,253,43,70,14,304,30,78,38,081,28*69	1770369801.087838
$GLGSV,3,2,09,79,52,000,37,80,14,312,36,81,66,130,35,82,28,183,34*68	1770369801.087923
$GLGSV,3,3,09,88,35,039,32*51	1770369801.087956
$GNGLL,3252.79114,N,03516.12593,E,092305.00,A,A*7B	1770369801.191877
$GNRMC,092306.00,A,3252.79130,N,03516.12689,E,3.476,69.90,060226,,,A*41	1770369801.503859
$GNVTG,69.90,T,,M,3.476,N,6.437,K,A*15	1770369801.503909
$GNGGA,092306.00,3252.79130,N,03516.12689,E,1,10,1.04,271.7,M,18.9,M,,*44	1770369801.607856
$GNGSA,A,3,24,06,12,19,15,11,,,,,,,1.84,1.04,1.52*1D	1770369801.711875
$GNGSA,A,3,81,78,79,88,,,,,,,,,1.84,1.04,1.52*1A	1770369801.711928
$GPGSV,4,1,13,06,38,075,38,11,40,135,39,12,55,325,35,15,11,203,24*71	1770369801.815895
$GPGSV,4,2,13,17,05,046,18,19,29,043,33,20,04,183,,22,06,084,23*76	1770369801.815949
$GPGSV,4,3,13,24,79,211,41,25,,,29,36,50,201,42,40,46,147,38*45	1770369801.919829
$GPGSV,4,4,13,49,40,227,41*40	1770369801.919883
$GLGSV,3,1,09,68,00,210,,69,16,253,43,70,14,304,24,78,38,081,37*62	1770369802.023807
$GLGSV,3,2,09,79,52,000,37,80,14,312,38,81,66,130,40,82,28,183,26*67	1770369802.127821
$GLGSV,3,3,09,88,35,039,32*51	1770369802.127876
$GNGLL,3252.79130,N,03516.12689,E,092306.00,A,A*76	1770369802.232084
$GNRMC,092307.00,A,3252.79139,N,03516.12824,E,3.970,79.21,060226,,,A*40	1770369802.439858
$GNVTG,79.21,T,,M,3.970,N,7.352,K,A*10	1770369802.543875
$GNGGA,092307.00,3252.79139,N,03516.12824,E,1,10,1.04,272.3,M,18.9,M,,*42	1770369802.647828
$GNGSA,A,3,24,06,12,19,15,11,,,,,,,1.84,1.04,1.52*1D	1770369802.647917
$GNGSA,A,3,81,78,79,88,,,,,,,,,1.84,1.04,1.52*1A	1770369802.751839
$GPGSV,4,1,13,06,38,075,36,11,40,135,36,12,55,325,38,15,11,203,25*7C	1770369802.751928
$GPGSV,4,2,13,17,05,046,20,19,29,043,28,20,04,183,,22,06,084,23*77	1770369802.855900
$GPGSV,4,3,13,24,79,211,41,25,21,293,28,36,50,201,42,40,46,147,29*7F	1770369802.959837
$GPGSV,4,4,13,49,40,227,42*43	1770369802.959892
$GLGSV,3,1,09,68,00,210,,69,16,253,43,70,14,304,25,78,38,081,34*60	1770369803.064227
$GLGSV,3,2,09,79,52,000,35,80,14,312,33,81,66,130,38,82,28,183,32*64	1770369803.064282
$GLGSV,3,3,09,88,35,039,27*55	1770369803.167936
$GNGLL,3252.79139,N,03516.12824,E,092307.00,A,A*77	1770369803.167987
$GNRMC,092308.00,A,3252.79135,N,03516.12931,E,3.299,84.20,060226,,,A*49	1770369803.479863
$GNVTG,84.20,T,,M,3.299,N,6.110,K,A*1A	1770369803.479921
$GNGGA,092308.00,3252.79135,N,03516.12931,E,1,10,1.04,272.0,M,18.9,M,,*47	1770369803.583863
$GNGSA,A,3,24,06,12,19,15,11,,,,,,,1.84,1.04,1.52*1D	1770369803.687953
$GNGSA,A,3,81,78,79,88,,,,,,,,,1.84,1.04,1.52*1A	1770369803.688014
$GPGSV,4,1,13,06,38,075,39,11,40,135,39,12,55,325,38,15,11,203,25*7C	1770369803.791848
$GPGSV,4,2,13,17,05,046,19,19,29,043,31,20,04,183,,22,06,084,23*75	1770369803.895810
$GPGSV,4,3,13,24,79,211,44,25,21,293,30,36,50,201,42,40,46,147,34*7F	1770369803.895861
$GPGSV,4,4,13,49,40,227,42*43	1770369803.999853
$GLGSV,3,1,09,68,00,210,,69,16,253,44,70,14,304,34,78,38,081,37*64	1770369803.999903
$GLGSV,3,2,09,79,52,000,32,80,14,312,38,81,66,130,38,82,28,183,38*62	1770369804.103910
$GLGSV,3,3,09,88,35,039,26*54	1770369804.103964
$GNGLL,3252.79135,N,03516.12931,E,092308.00,A,A*71	1770369804.207804
$GNRMC,092309.00,A,3252.79134,N,03516.13040,E,3.214,86.39,060226,,,A*48	1770369804.519862
$GNVTG,86.39,T,,M,3.214,N,5.952,K,A*18	1770369804.519912
$GNGGA,092309.00,3252.79134,N,03516.13040,E,1,10,1.04,271.9,M,18.9,M,,*43	1770369804.623795
$GNGSA,A,3,24,06,12,19,15,11,,,,,,,1.84,1.04,1.52*1D	1770369804.623882
$GNGSA,A,3,81,78,79,88,,,,,,,,,1.84,1.04,1.52*1A	1770369804.727894
$GPGSV,4,1,13,06,38,075,37,11,40,135,40,12,55,325,36,15,11,203,23*74	1770369804.831923
$GPGSV,4,2,13,17,05,046,20,19,29,043,26,20,04,183,,22,06,084,23*79	1770369804.831972
$GPGSV,4,3,13,24,79,211,41,25,21,293,24,36,50,201,42,40,46,147,34*7F	1770369804.936541
$GPGSV,4,4,13,49,40,227,42*43	1770369804.936610
$GLGSV,3,1,09,68,00,210,,69,16,253,45,70,14,304,36,78,38,081,37*67	1770369805.040020
$GLGSV,3,2,09,79,52,000,32,80,14,312,38,81,66,130,40,82,28,183,38*6D	1770369805.143860
$GLGSV,3,3,09,88,35,039,26*54	1770369805.143914
$GNGLL,3252.79134,N,03516.13040,E,092309.00,A,A*7F	1770369805.247828
$GNRMC,092310.00,A,3252.79118,N,03516.13139,E,3.198,92.55,060226,,,A*49	1770369805.455824
$GNVTG,92.55,T,,M,3.198,N,5.923,K,A*16	1770369805.559845
$GNGGA,092310.00,3252.79118,N,03516.13139,E,1,10,1.04,271.8,M,18.9,M,,*4B	1770369805.663880
$GNGSA,A,3,24,06,12,19,15,11,,,,,,,1.84,1.04,1.52*1D	1770369805.663934
$GNGSA,A,3,81,78,79,88,,,,,,,,,1.84,1.04,1.52*1A	1770369805.767853
$GPGSV,4,1,13,06,38,075,38,11,40,135,37,12,55,325,36,15,11,203,24*7C	1770369805.768125
$GPGSV,4,2,13,17,05,046,19,19,29,043,26,20,04,183,,22,06,084,22*72	1770369805.871843
$GPGSV,4,3,13,24,79,211,41,25,21,293,25,36,50,201,42,40,46,147,36*7C	1770369805.975857
$GPGSV,4,4,13,49,40,227,41*40	1770369805.975909
$GLGSV,3,1,09,68,00,210,,69,16,253,46,70,14,304,37,78,38,081,34*66	1770369806.079939
$GLGSV,3,2,09,79,52,000,35,80,14,312,41,81,66,130,39,82,28,183,39*6B	1770369806.079990
$GLGSV,3,3,09,88,35,039,32*51	1770369806.183870
$GNGLL,3252.79118,N,03516.13139,E,092310.00,A,A*76	1770369806.183921
$GNRMC,092311.00,A,3252.79108,N,03516.13240,E,3.187,94.75,060226,,,A*4E	1770369806.495819
$GNVTG,94.75,T,,M,3.187,N,5.903,K,A*1E	1770369806.495907
$GNGGA,092311.00,3252.79108,N,03516.13240,E,1,10,1.04,271.7,M,18.9,M,,*49	1770369806.599826
$GNGSA,A,3,24,06,12,19,15,11,,,,,,,1.84,1.04,1.52*1D	1770369806.703846
$GNGSA,A,3,81,78,79,88,,,,,,,,,1.84,1.04,1.52*1A	1770369806.703897
$GPGSV,4,1,13,06,38,075,37,11,40,135,35,12,55,325,38,15,11,203,26*7D	1770369806.807832
$GPGSV,4,2,13,17,05,046,19,19,29,043,27,20,04,183,,22,06,084,21*70	1770369806.911860
$GPGSV,4,3,13,24,79,211,43,25,21,293,24,36,50,201,42,40,46,147,35*7C	1770369806.911911
$GPGSV,4,4,13,49,40,227,42*43	1770369807.015837
$GLGSV,3,1,09,68,00,210,,69,16,253,44,70,14,304,31,78,38,081,34*62	1770369807.015887
$GLGSV,3,2,09,79,52,000,35,80,14,312,39,81,66,130,40,82,28,183,39*6A	1770369807.119876
$GLGSV,3,3,09,88,35,039,26*54	1770369807.119929
$GNGLL,3252.79108,N,03516.13240,E,092311.00,A,A*7B	1770369807.223912
$GNRMC,092312.00,A,3252.79104,N,03516.13332,E,2.895,91.23,060226,,,A*48	1770369807.535793
$GNVTG,91.23,T,,M,2.895,N,5.362,K,A*1E	1770369807.535844
$GNGGA,092312.00,3252.79104,N,03516.13332,E,1,10,1.04,271.8,M,18.9,M,,*4D	1770369807.639864
$GNGSA,A,3,24,06,12,19,15,11,,,,,,,1.84,1.04,1.52*1D	1770369807.639920
$GNGSA,A,3,81,78,79,88,,,,,,,,,1.84,1.04,1.52*1A	1770369807.743824
$GPGSV,4,1,13,06,38,075,39,11,40,135,40,12,55,325,39,15,11,203,26*70	1770369807.847876
$GPGSV,4,2,13,17,05,046,19,19,29,043,25,20,04,183,,22,06,084,21*72	1770369807.847930
$GPGSV,4,3,13,24,79,211,42,25,21,293,31,36,50,201,41,40,46,147,36*79	1770369807.951894
$GPGSV,4,4,13,49,40,227,39*4F	1770369807.951949
$GLGSV,3,1,09,68,00,210,,69,16,253,42,70,14,304,34,78,38,081,29*6D	1770369808.055923
$GLGSV,3,2,09,79,52,000,30,80,14,312,35,81,66,130,38,82,28,183,37*62	1770369808.159962
$GLGSV,3,3,09,88,35,039,31*52	1770369808.160015
$GNGLL,3252.79104,N,03516.13332,E,092312.00,A,A*70	1770369808.160044
$GNRMC,092313.00,A,3252.79096,N,03516.13428,E,3.141,92.94,060226,,,A*41	1770369808.471939
$GNVTG,92.94,T,,M,3.141,N,5.818,K,A*16	1770369808.575862
$GNGGA,092313.00,3252.79096,N,03516.13428,E,1,10,1.04,271.7,M,18.9,M,,*45	1770369808.575912
$GNGSA,A,3,24,06,12,19,15,11,,,,,,,1.84,1.04,1.52*1D	1770369808.679836
$GNGSA,A,3,81,78,79,88,,,,,,,,,1.84,1.04,1.52*1A	1770369808.679887
$GPGSV,4,1,13,06,38,075,39,11,40,135,38,12,55,325,39,15,11,203,25*7C	1770369808.783887
$GPGSV,4,2,13,17,05,046,18,19,29,043,26,20,04,183,,22,06,084,22*73	1770369808.887816
$GPGSV,4,3,13,24,79,211,43,25,21,293,35,36,50,201,40,40,46,147,36*7D	1770369808.991888
$GPGSV,4,4,13,49,40,227,41*40	1770369808.991940
$GLGSV,3,1,09,68,00,210,,69,16,253,44,70,14,304,25,78,38,081,34*67	1770369808.991970
$GLGSV,3,2,09,79,52,000,31,80,14,312,34,81,66,130,38,82,28,183,37*62	1770369809.095855
$GLGSV,3,3,09,88,35,039,26*54	1770369809.200098
$GNGLL,3252.79096,N,03516.13428,E,092313.00,A,A*77	1770369809.200149
$GNRMC,092314.00,A,3252.79101,N,03516.13536,E,3.209,90.69,060226,,,A*48	1770369809.511834
$GNVTG,90.69,T,,M,3.209,N,5.943,K,A*16	1770369809.511921
$GNGGA,092314.00,3252.79101,N,03516.13536,E,1,10,1.04,272.1,M,18.9,M,,*46	1770369809.615821
$GNGSA,A,3,24,06,12,19,15,11,,,,,,,1.84,1.04,1.52*1D	1770369809.719822
$GNGSA,A,3,81,78,79,88,,,,,,,,,1.84,1.04,1.52*1A	1770369809.719872
$GPGSV,4,1,13,06,38,075,37,11,40,135,36,12,55,325,36,15,11,203,25*73	1770369809.823820
$GPGSV,4,2,13,17,05,046,17,19,29,043,31,20,04,183,,22,06,084,21*79	1770369809.823906
$GPGSV,4,3,13,24,79,211,41,25,21,293,37,36,50,201,41,40,46,147,38*72	1770369809.927884
$GPGSV,4,4,13,49,40,227,40*41	1770369809.928156
$GLGSV,3,1,09,68,00,210,,69,16,253,43,70,14,304,34,78,38,081,35*61	1770369810.031987
$GLGSV,3,2,09,79,52,000,31,80,14,312,35,81,66,130,39,82,28,183,33*66	1770369810.135859
$GLGSV,3,3,09,88,35,039,26*54	1770369810.135912
$GNGLL,3252.79101,N,03516.13536,E,092314.00,A,A*71	1770369810.239807
$GNRMC,092315.00,A,3252.79090,N,03516.13656,E,3.393,96.06,060226,,,A*48	1770369810.447883
$GNVTG,96.06,T,,M,3.393,N,6.284,K,A*18	1770369810.551874
$GNGGA,092315.00,3252.79090,N,03516.13656,E,1,10,1.04,272.9,M,18.9,M,,*43	1770369810.655910
$GNGSA,A,3,24,06,12,19,15,11,,,,,,,1.84,1.04,1.52*1D	1770369810.655962
$GNGSA,A,3,81,78,79,88,,,,,,,,,1.84,1.04,1.52*1A	1770369810.760082
$GPGSV,4,1,13,06,38,075,37,11,40,135,33,12,55,325,40,15,11,203,31*72	1770369810.760133
$GPGSV,4,2,13,17,05,046,17,19,29,043,30,20,04,183,,22,06,084,21*78	1770369810.863918
$GPGSV,4,3,13,24,79,211,41,25,21,293,26,36,50,201,43,40,46,147,35*7D	1770369810.967925
$GPGSV,4,4,13,49,40,227,40*41	1770369810.967979
$GLGSV,3,1,09,68,00,210,,69,16,253,45,70,14,304,34,78,38,081,35*67	1770369811.072601
$GLGSV,3,2,09,79,52,000,31,80,14,312,35,81,66,130,39,82,28,183,30*65	1770369811.072656
$GLGSV,3,3,09,88,35,039,33*50	1770369811.175825
$GNGLL,3252.79090,N,03516.13656,E,092315.00,A,A*7C	1770369811.175875
$GNRMC,092316.00,A,3252.79083,N,03516.13770,E,3.319,93.07,060226,,,A*4A	1770369811.487907
$GNVTG,93.07,T,,M,3.319,N,6.148,K,A*1D	1770369811.487959
$GNGGA,092316.00,3252.79083,N,03516.13770,E,1,10,1.04,273.5,M,18.9,M,,*4A	1770369811.591846
$GNGSA,A,3,24,06,12,19,15,11,,,,,,,1.84,1.04,1.52*1D	1770369811.695891
$GNGSA,A,3,81,78,79,88,,,,,,,,,1.84,1.04,1.52*1A	1770369811.695946
$GPGSV,4,1,13,06,38,075,38,11,40,135,33,12,55,325,39,15,11,203,24*77	1770369811.799898
$GPGSV,4,2,13,17,05,046,17,19,29,043,30,20,04,183,,22,06,084,21*78	1770369811.903844
$GPGSV,4,3,13,24,79,211,43,25,21,293,36,36,50,201,42,40,46,147,37*7D	1770369811.903895
$GPGSV,4,4,13,49,40,227,42*43	1770369812.007856
$GLGSV,3,1,09,68,00,210,,69,16,253,41,70,14,304,37,78,38,081,34*61	1770369812.007905
$GLGSV,3,2,09,79,52,000,35,80,14,312,28,81,66,130,37,82,28,183,33*60	1770369812.111862
$GLGSV,3,3,09,88,35,039,28*5A	1770369812.111914
$GNGLL,3252.79083,N,03516.13770,E,092316.00,A,A*78	1770369812.215819
$GNRMC,092317.00,A,3252.79077,N,03516.13870,E,3.147,93.26,060226,,,A*45	1770369812.527823
$GNVTG,93.26,T,,M,3.147,N,5.829,K,A*1A	1770369812.527875
$GNGGA,092317.00,3252.79077,N,03516.13870,E,1,10,1.04,273.4,M,18.9,M,,*4E	1770369812.631859
$GNGSA,A,3,24,06,12,19,15,11,,,,,,,1.84,1.04,1.52*1D	1770369812.631950
$GNGSA,A,3,81,78,79,88,,,,,,,,,1.84,1.04,1.52*1A	1770369812.735812
$GPGSV,4,1,13,06,38,075,40,11,40,135,32,12,55,325,38,15,11,203,25*79	1770369812.839906
$GPGSV,4,2,13,17,05,046,19,19,29,043,31,20,04,183,,22,06,084,22*74	1770369812.839960
$GPGSV,4,3,13,24,79,211,41,25,21,293,40,36,50,201,42,40,46,147,34*7D	1770369812.943813
$GPGSV,4,4,13,49,40,227,43*42	1770369812.943862
$GLGSV,3,1,09,68,00,210,,69,16,253,44,70,14,304,39,78,38,081,32*6C	1770369813.047836
$GLGSV,3,2,09,79,52,000,35,80,14,312,39,81,66,130,41,82,28,183,34*66	1770369813.151889
$GLGSV,3,3,09,88,35,039,32*51	1770369813.151943
$GNGLL,3252.79077,N,03516.13870,E,092317.00,A,A*7D	1770369813.151973
$GNRMC,092318.00,A,3252.79071,N,03516.13983,E,3.486,93.61,060226,,,A*4A	1770369813.463872
$GNVTG,93.61,T,,M,3.486,N,6.456,K,A*16	1770369813.567863
$GNGGA,092318.00,3252.79071,N,03516.13983,E,1,10,1.04,273.7,M,18.9,M,,*49	1770369813.567917
$GNGSA,A,3,24,06,12,19,15,11,,,,,,,1.84,1.04,1.51*1E	1770369813.672058
$GNGSA,A,3,81,78,79,88,,,,,,,,,1.84,1.04,1.51*19	1770369813.672111
$GPGSV,4,1,13,06,38,075,36,11,40,135,33,12,55,325,40,15,11,203,21*72	1770369813.775967
$GPGSV,4,2,13,17,05,046,23,19,29,043,30,20,04,183,,22,06,084,25*7B	1770369813.880136
$GPGSV,4,3,13,24,79,211,43,25,21,293,42,36,50,201,43,40,46,147,36*7E	1770369813.983862
$GPGSV,4,4,13,49,40,227,44*45	1770369813.983913
$GLGSV,3,1,09,68,00,210,,69,16,253,45,70,14,304,40,78,38,081,34*65	1770369814.087858
$GLGSV,3,2,09,79,52,000,34,80,14,312,43,81,66,130,38,82,28,183,34*64	1770369814.088126
$GLGSV,3,3,09,88,35,039,30*53	1770369814.191963
$GNGLL,3252.79071,N,03516.13983,E,092318.00,A,A*79	1770369814.192013
$GNRMC,092319.00,A,3252.79069,N,03516.14117,E,4.109,92.12,060226,,,A*40	1770369814.503851
$GNVTG,92.12,T,,M,4.109,N,7.609,K,A*1F	1770369814.503906
$GNGGA,092319.00,3252.79069,N,03516.14117,E,1,10,1.04,274.1,M,18.9,M,,*42	1770369814.607835
$GNGSA,A,3,24,06,12,19,15,11,,,,,,,1.84,1.04,1.51*1E	1770369814.711839
$GNGSA,A,3,81,78,79,88,,,,,,,,,1.84,1.04,1.51*19	1770369814.711892
$GPGSV,4,1,13,06,38,075,36,11,40,135,31,12,55,325,39,15,11,203,25*7A	1770369814.815849
$GPGSV,4,2,13,17,05,046,23,19,29,043,30,20,04,183,,22,06,084,23*7D	1770369814.815900
$GPGSV,4,3,13,24,79,211,41,25,21,293,42,36,50,201,43,40,46,147,34*7E	1770369814.919916
$GPGSV,4,4,13,49,40,227,42*43	1770369814.919970
$GLGSV,3,1,09,68,00,210,,69,16,253,43,70,14,304,43,78,38,081,37*63	1770369815.023948
$GLGSV,3,2,09,79,52,000,33,80,14,312,41,81,66,130,39,82,28,183,38*6C	1770369815.127853
$GLGSV,3,3,09,88,35,039,29*5B	1770369815.127910
$GNGLL,3252.79069,N,03516.14117,E,092319.00,A,A*73	1770369815.231947
$GNRMC,092320.00,A,3252.79075,N,03516.14250,E,4.112,89.01,060226,,,A*45	1770369815.439872
$GNVTG,89.01,T,,M,4.112,N,7.615,K,A*10	1770369815.543871
$GNGGA,092320.00,3252.79075,N,03516.14250,E,1,10,1.04,274.2,M,18.9,M,,*46	1770369815.647887
$GNGSA,A,3,24,06,12,19,15,11,,,,,,,1.84,1.04,1.51*1E	1770369815.647942
$GNGSA,A,3,81,78,79,88,,,,,,,,,1.84,1.04,1.51*19	1770369815.751892
$GPGSV,4,1,13,06,38,075,39,11,40,135,30,12,55,325,39,15,11,203,26*77	1770369815.751944
$GPGSV,4,2,13,17,05,046,23,19,29,043,29,20,04,183,,22,06,084,21*77	1770369815.855837
$GPGSV,4,3,13,24,79,211,44,25,21,293,42,36,50,201,43,40,46,147,32*7D	1770369815.960170
$GPGSV,4,4,13,49,40,227,44*45	1770369815.960227
$GLGSV,3,1,09,68,00,210,,69,16,253,45,70,14,304,39,78,38,081,36*69	1770369816.064233
$GLGSV,3,2,09,79,52,000,26,80,14,312,38,81,66,130,39,82,28,183,31*6F	1770369816.064286
$GLGSV,3,3,09,88,35,039,29*5B	1770369816.167880
$GNGLL,3252.79075,N,03516.14250,E,092320.00,A,A*74	1770369816.167932
$GNRMC,092321.00,A,3252.79077,N,03516.14375,E,3.593,90.27,060226,,,A*46	1770369816.479865
$GNVTG,90.27,T,,M,3.593,N,6.655,K,A*13	1770369816.479915
$GNGGA,092321.00,3252.79077,N,03516.14375,E,1,10,1.04,274.3,M,18.9,M,,*42	1770369816.583869
$GNGSA,A,3,24,06,12,19,15,11,,,,,,,1.84,1.04,1.51*1E	1770369816.687987
$GNGSA,A,3,81,78,79,88,,,,,,,,,1.84,1.04,1.51*19	1770369816.688041
$GPGSV,4,1,13,06,38,075,42,11,40,135,31,12,55,325,39,15,11,203,26*7A	1770369816.791845
$GPGSV,4,2,13,17,05,046,23,19,29,043,30,20,04,183,,22,06,084,20*7E	1770369816.895881
$GPGSV,4,3,13,24,79,211,44,25,21,293,42,36,50,201,45,40,46,147,31*78	1770369816.895935
$GPGSV,4,4,13,49,40,227,44*45	1770369816.999840
$GLGSV,3,1,09,68,00,210,,69,16,253,42,70,14,304,39,78,38,081,36*6E	1770369816.999894
$GLGSV,3,2,09,79,52,000,33,80,14,312,34,81,66,130,38,82,28,183,29*6F	1770369817.103852
$GLGSV,3,3,09,88,35,039,29*5B	1770369817.103939
$GNGLL,3252.79077,N,03516.14375,E,092321.00,A,A*71	1770369817.207848
$GNRMC,092322.00,A,3252.79070,N,03516.14497,E,3.569,92.40,060226,,,A*4F	1770369817.519854
$GNVTG,92.40,T,,M,3.569,N,6.610,K,A*14	1770369817.519904
$GNGGA,092322.00,3252.79070,N,03516.14497,E,1,10,1.04,274.4,M,18.9,M,,*4A	1770369817.623803
$GNGSA,A,3,24,06,12,19,15,11,,,,,,,1.84,1.04,1.51*1E	1770369817.623852
$GNGSA,A,3,81,78,79,88,,,,,,,,,1.84,1.04,1.51*19	1770369817.727887
$GPGSV,4,1,13,06,38,075,38,11,40,135,38,12,55,325,40,15,11,203,27*71	1770369817.831898
$GPGSV,4,2,13,17,05,046,23,19,29,043,30,20,04,183,,22,06,084,22*7C	1770369817.831951
$GPGSV,4,3,13,24,79,211,44,25,21,293,43,36,50,201,46,40,46,147,31*7A	1770369817.935819
$GPGSV,4,4,13,49,40,227,47*46	1770369817.935875
$GLGSV,3,1,09,68,00,210,,69,16,253,43,70,14,304,35,78,38,081,36*63	1770369818.039877
$GLGSV,3,2,09,79,52,000,32,80,14,312,36,81,66,130,38,82,28,183,28*6D	1770369818.143895
$GLGSV,3,3,09,88,35,039,29*5B	1770369818.143949
$GNGLL,3252.79070,N,03516.14497,E,092322.00,A,A*7E	1770369818.247868
$GNRMC,092323.00,A,3252.79067,N,03516.14617,E,3.539,90.55,060226,,,A*41	1770369818.455804
$GNVTG,90.55,T,,M,3.539,N,6.555,K,A*15	1770369818.560105
$GNGGA,092323.00,3252.79067,N,03516.14617,E,1,10,1.04,274.3,M,18.9,M,,*40	1770369818.663869
$GNGSA,A,3,24,06,12,19,15,11,,,,,,,1.84,1.04,1.51*1E	1770369818.663921
$GNGSA,A,3,81,78,79,88,,,,,,,,,1.84,1.04,1.51*19	1770369818.767881
$GPGSV,4,1,13,06,38,075,37,11,40,135,38,12,55,325,41,15,11,203,28*70	1770369818.767935
$GPGSV,4,2,13,17,05,046,23,19,29,043,28,20,04,183,,22,06,084,22*75	1770369818.871917
$GPGSV,4,3,13,24,79,211,45,25,21,293,43,36,50,201,35,40,46,147,31*7F	1770369818.975835
$GPGSV,4,4,13,49,40,227,43*42	1770369818.975887
$GLGSV,3,1,09,68,00,210,,69,16,253,44,70,14,304,35,78,38,081,35*67	1770369819.079946
$GLGSV,3,2,09,79,52,000,31,80,14,312,39,81,66,130,38,82,28,183,28*61	1770369819.080000
$GLGSV,3,3,09,88,35,039,29*5B	1770369819.183821
$GNGLL,3252.79067,N,03516.14617,E,092323.00,A,A*73	1770369819.183872
$GNRMC,092324.00,A,3252.79056,N,03516.14741,E,3.503,94.33,060226,,,A*4B	1770369819.495992
$GNVTG,94.33,T,,M,3.503,N,6.487,K,A*16	1770369819.496045
$GNGGA,092324.00,3252.79056,N,03516.14741,E,1,10,1.04,274.2,M,18.9,M,,*46	1770369819.599864
$GNGSA,A,3,24,06,12,19,15,11,,,,,,,1.84,1.04,1.51*1E	1770369819.703839
$GNGSA,A,3,81,78,79,88,,,,,,,,,1.84,1.04,1.51*19	1770369819.703892
$GPGSV,4,1,13,06,38,075,41,11,40,135,40,12,55,325,43,15,11,203,27*73	1770369819.807840
$GPGSV,4,2,13,17,05,046,22,19,29,043,28,20,04,183,,22,06,084,23*75	1770369819.911839
$GPGSV,4,3,13,24,79,211,43,25,21,293,42,36,50,201,35,40,46,147,30*79	1770369819.911928
$GPGSV,4,4,13,49,40,227,42*43	1770369820.015828
$GLGSV,3,1,09,68,00,210,,69,16,253,43,70,14,304,38,78,38,081,34*6C	1770369820.015913
$GLGSV,3,2,09,79,52,000,32,80,14,312,35,81,66,130,37,82,28,183,26*6F	1770369820.119912
$GLGSV,3,3,09,88,35,039,30*53	1770369820.119968
$GNGLL,3252.79056,N,03516.14741,E,092324.00,A,A*74	1770369820.223820
$GNRMC,092325.00,A,3252.79040,N,03516.14845,E,3.291,95.47,060226,,,A*48	1770369820.535825
$GNVTG,95.47,T,,M,3.291,N,6.096,K,A*1C	1770369820.535875
$GNGGA,092325.00,3252.79040,N,03516.14845,E,1,10,1.04,273.8,M,18.9,M,,*46	1770369820.639920
$GNGSA,A,3,24,06,12,19,15,11,,,,,,,1.84,1.04,1.51*1E	1770369820.639971
$GNGSA,A,3,81,78,79,88,,,,,,,,,1.84,1.04,1.51*19	1770369820.743923
$GPGSV,4,1,13,06,38,075,35,11,40,135,43,12,55,325,39,15,11,203,26*7F	1770369820.847864
$GPGSV,4,2,13,17,05,046,22,19,29,043,29,20,04,183,,22,06,084,23*74	1770369820.847914
$GPGSV,4,3,13,24,79,211,44,25,21,293,38,36,50,201,37,40,46,147,30*71	1770369820.951982
$GPGSV,4,4,13,49,40,227,41*40	1770369820.952035
$GLGSV,3,1,09,68,00,210,,69,16,253,42,70,14,304,38,78,38,081,35*6C	1770369821.055848
$GLGSV,3,2,09,79,52,000,36,80,14,312,34,81,66,130,37,82,28,183,26*6A	1770369821.159818
$GLGSV,3,3,09,88,35,039,29*5B	1770369821.159872
$GNGLL,3252.79040,N,03516.14845,E,092325.00,A,A*79	1770369821.159904
$GNRMC,092326.00,A,3252.79028,N,03516.14949,E,3.372,92.87,060226,,,A*4F	1770369821.471980
$GNVTG,92.87,T,,M,3.372,N,6.245,K,A*17	1770369821.575824
$GNGGA,092326.00,3252.79028,N,03516.14949,E,1,10,1.04,273.3,M,18.9,M,,*4D	1770369821.575913
$GNGSA,A,3,24,06,12,19,15,11,,,,,,,1.84,1.04,1.51*1E	1770369821.679911
$GNGSA,A,3,81,78,79,88,,,,,,,,,1.84,1.04,1.51*19	1770369821.680008
$GPGSV,4,1,13,06,38,075,35,11,40,135,43,12,55,325,40,15,11,203,27*70	1770369821.783827
$GPGSV,4,2,13,17,05,046,21,19,29,043,29,20,04,183,,22,06,084,23*77	1770369821.887852
$GPGSV,4,3,13,24,79,211,42,25,21,293,35,36,50,201,33,40,46,147,31*7F	1770369821.991910
$GPGSV,4,4,13,49,40,227,33*45	1770369821.991965
$GLGSV,3,1,09,68,00,210,,69,16,253,43,70,14,303,33,78,38,081,34*60	1770369821.991995
$GLGSV,3,2,09,79,52,000,30,80,14,312,34,81,66,130,39,82,28,183,26*62	1770369822.095843
$GLGSV,3,3,09,88,35,039,29*5B	1770369822.199814
$GNGLL,3252.79028,N,03516.14949,E,092326.00,A,A*79	1770369822.199862
$GNRMC,092327.00,A,3252.79032,N,03516.15068,E,4.047,86.96,060226,,,A*49	1770369822.511859
$GNVTG,86.96,T,,M,4.047,N,7.494,K,A*1B	1770369822.511910
$GNGGA,092327.00,3252.79032,N,03516.15068,E,1,10,1.04,273.1,M,18.9,M,,*4E	1770369822.616147
$GNGSA,A,3,24,06,12,19,15,11,,,,,,,1.84,1.04,1.51*1E	1770369822.719838
$GNGSA,A,3,81,78,79,88,,,,,,,,,1.84,1.04,1.51*19	1770369822.719891
$GPGSV,4,1,13,06,38,075,36,11,40,135,39,12,55,325,40,15,11,203,21*78	1770369822.824119
$GPGSV,4,2,13,17,05,046,17,19,29,043,27,20,04,183,,22,06,084,19*75	1770369822.824173
$GPGSV,4,3,13,24,79,211,41,25,21,293,36,36,50,201,35,40,46,147,32*7A	1770369822.927837
$GPGSV,4,4,13,49,40,227,37*41	1770369822.927889
$GLGSV,3,1,09,68,00,210,,69,16,253,43,70,14,303,29,78,38,081,31*6E	1770369823.031974
$GLGSV,3,2,09,79,52,000,27,80,14,312,37,81,66,130,41,82,28,183,23*6D	1770369823.135830
$GLGSV,3,3,09,88,35,039,29*5B	1770369823.135887
$GNGLL,3252.79032,N,03516.15068,E,092327.00,A,A*78	1770369823.239844
$GNRMC,092328.00,A,3252.79007,N,03516.15165,E,3.520,96.22,060226,,,A*41	1770369823.448047
$GNVTG,96.22,T,,M,3.520,N,6.520,K,A*19	1770369823.551889
$GNGGA,092328.00,3252.79007,N,03516.15165,E,1,10,1.04,272.2,M,18.9,M,,*49	1770369823.655955
$GNGSA,A,3,24,06,12,19,15,11,,,,,,,1.84,1.04,1.51*1E	1770369823.656010
$GNGSA,A,3,81,78,79,88,,,,,,,,,1.84,1.04,1.51*19	1770369823.759884
$GPGSV,4,1,13,06,38,075,34,11,40,135,40,12,55,325,38,15,11,203,21*7B	1770369823.759937
$GPGSV,4,2,13,17,05,046,16,19,29,043,32,20,04,183,,22,06,084,19*70	1770369823.863860
$GPGSV,4,3,13,24,79,211,40,25,21,293,36,36,50,201,40,40,46,147,32*79	1770369823.967827
$GPGSV,4,4,13,49,40,227,33*45	1770369823.967915
$GLGSV,3,1,09,68,00,210,,69,16,253,43,70,14,303,22,78,38,081,34*60	1770369824.072062
$GLGSV,3,2,09,79,52,000,32,80,14,312,40,81,66,130,39,82,28,183,22*67	1770369824.072115
$GLGSV,3,3,09,88,35,039,35*56	1770369824.175841
$GNGLL,3252.79007,N,03516.15165,E,092328.00,A,A*7D	1770369824.175893
$GNRMC,092329.00,A,3252.78990,N,03516.15273,E,3.491,96.69,060226,,,A*46	1770369824.487833
$GNVTG,96.69,T,,M,3.491,N,6.466,K,A*1E	1770369824.487883
$GNGGA,092329.00,3252.78990,N,03516.15273,E,1,10,1.04,271.8,M,18.9,M,,*43	1770369824.591886
$GNGSA,A,3,24,06,12,19,15,11,,,,,,,1.84,1.04,1.51*1E	1770369824.695815
$GNGSA,A,3,81,78,79,88,,,,,,,,,1.84,1.04,1.51*19	1770369824.695869
$GPGSV,3,1,12,06,38,075,37,11,40,135,38,12,55,325,37,15,11,203,21*7E	1770369824.800014
$GPGSV,3,2,12,17,05,046,15,19,29,043,27,20,04,183,,22,06,084,18*70	1770369824.903828
$GPGSV,3,3,12,24,79,211,38,25,21,293,35,36,50,201,40,49,40,227,33*78	1770369824.903913
$GLGSV,3,1,09,68,00,210,,69,16,253,42,70,14,303,33,78,38,081,34*61	1770369825.007908
$GLGSV,3,2,09,79,52,000,32,80,14,312,38,81,66,130,40,82,28,183,25*61	1770369825.112547
$GLGSV,3,3,09,88,35,039,28*5A	1770369825.112602
$GNGLL,3252.78990,N,03516.15273,E,092329.00,A,A*7E	1770369825.215459
$GNRMC,092330.00,A,3252.78973,N,03516.15384,E,3.581,99.80,060226,,,A*42	1770369825.527469
$GNVTG,99.80,T,,M,3.581,N,6.632,K,A*15	1770369825.527511
$GNGGA,092330.00,3252.78973,N,03516.15384,E,1,10,1.04,271.6,M,18.9,M,,*41	1770369825.631490
$GNGSA,A,3,24,06,12,19,15,11,,,,,,,1.84,1.04,1.51*1E	1770369825.631535
$GNGSA,A,3,81,78,79,88,,,,,,,,,1.84,1.04,1.51*19	1770369825.735471
$GPGSV,3,1,12,06,38,075,39,11,40,135,37,12,55,325,38,15,11,203,21*70	1770369825.839494
$GPGSV,3,2,12,17,05,046,19,19,29,043,28,20,04,183,,22,06,084,18*73	1770369825.839541
$GPGSV,3,3,12,24,79,211,40,25,21,293,37,36,50,201,40,49,40,227,37*71	1770369825.944119
$GLGSV,3,1,09,68,00,210,,69,16,253,45,70,14,303,30,78,38,081,34*65	1770369826.048114
$GLGSV,3,2,09,79,52,000,33,80,14,312,30,81,66,130,38,82,28,183,30*63	1770369826.048165
$GLGSV,3,3,09,88,35,039,27*55	1770369826.152082
$GNGLL,3252.78973,N,03516.15384,E,092330.00,A,A*72	1770369826.152130
$GNRMC,092331.00,A,3252.78960,N,03516.15499,E,3.523,98.06,060226,,,A*4D	1770369826.464095
$GNVTG,98.06,T,,M,3.523,N,6.525,K,A*17	1770369826.568089
$GNGGA,092331.00,3252.78960,N,03516.15499,E,1,10,1.04,271.4,M,18.9,M,,*4B	1770369826.568138
$GNGSA,A,3,24,06,12,19,15,11,,,,,,,1.84,1.04,1.51*1E	1770369826.672078
$GNGSA,A,3,81,78,79,88,,,,,,,,,1.84,1.04,1.51*19	1770369826.776123
$GPGSV,3,1,12,06,38,075,37,11,40,135,34,12,55,325,39,15,11,203,21*7C	1770369826.776175
$GPGSV,3,2,12,17,05,046,20,19,29,043,29,20,04,183,,22,06,084,18*78	1770369826.880169
$GPGSV,3,3,12,24,79,211,42,25,21,293,39,36,50,201,37,49,40,227,34*7E	1770369826.984102
$GLGSV,3,1,09,68,00,210,,69,16,253,44,70,14,303,34,78,38,081,34*60	1770369826.984153
$GLGSV,3,2,09,79,52,000,34,80,14,312,36,81,66,130,39,82,28,183,22*60	1770369827.088152
$GLGSV,3,3,09,88,35,039,31*52	1770369827.088208
$GNGLL,3252.78960,N,03516.15499,E,092331.00,A,A*7A	1770369827.192077
$GNRMC,092332.00,A,3252.78961,N,03516.15619,E,3.626,94.84,060226,,,A*45	1770369827.504325
$GNVTG,94.84,T,,M,3.626,N,6.715,K,A*16	1770369827.504380
$GNGGA,092332.00,3252.78961,N,03516.15619,E,1,10,1.04,271.5,M,18.9,M,,*42	1770369827.608130
$GNGSA,A,3,24,06,12,19,15,11,,,,,,,1.84,1.04,1.51*1E	1770369827.712095
$GNGSA,A,3,81,78,79,88,,,,,,,,,1.84,1.04,1.51*19	1770369827.712144
$GPGSV,3,1,12,06,38,075,35,11,40,135,31,12,55,325,41,15,11,203,20*75	1770369827.816185
$GPGSV,3,2,12,17,05,046,19,19,29,043,28,20,04,183,,22,06,084,18*73	1770369827.816237
$GPGSV,3,3,12,24,79,211,40,25,21,293,37,36,50,201,39,49,40,227,39*71	1770369827.920091
$GLGSV,3,1,09,68,00,210,,69,16,253,39,70,14,303,23,78,38,081,34*6C	1770369828.024260
$GLGSV,3,2,09,79,52,000,33,80,14,312,28,81,66,130,40,82,28,183,29*6D	1770369828.128133
$GLGSV,3,3,09,88,35,039,26*54	1770369828.128188
$GNGLL,3252.78961,N,03516.15619,E,092332.00,A,A*72	1770369828.128218
$GNRMC,092333.00,A,3252.78929,N,03516.15704,E,3.678,98.79,060226,,,A*40	1770369828.544229
$GNVTG,98.79,T,,M,3.678,N,6.811,K,A*18	1770369828.544321
$GNGGA,092333.00,3252.78929,N,03516.15704,E,1,11,0.91,270.3,M,18.9,M,,*49	1770369828.648122
$GNGSA,A,3,24,06,12,19,15,11,,,,,,,1.64,0.91,1.37*1D	1770369828.648175
$GNGSA,A,3,81,78,79,88,69,,,,,,,,1.64,0.91,1.37*15	1770369828.752154
$GPGSV,3,1,12,06,38,075,38,11,40,135,35,12,55,325,39,15,11,203,20*73	1770369828.856091
$GPGSV,3,2,12,17,05,046,18,19,29,043,28,20,04,183,,22,06,084,20*79	1770369828.856142
$GPGSV,3,3,12,24,79,211,42,25,21,293,43,36,50,201,38,49,40,227,39*71	1770369828.960180
$GLGSV,3,1,09,68,00,210,,69,16,252,36,70,14,303,23,78,38,081,27*60	1770369829.064653
$GLGSV,3,2,09,79,52,000,30,80,14,312,35,81,66,130,40,82,28,183,28*63	1770369829.064710
$GLGSV,3,3,09,88,35,039,28*5A	1770369829.168108
$GNGLL,3252.78929,N,03516.15704,E,092333.00,A,A*72	1770369829.168160
$GNRMC,092334.00,A,3252.78890,N,03516.15779,E,3.496,100.78,060226,,,A*7D	1770369829.480065
$GNVTG,100.78,T,,M,3.496,N,6.475,K,A*25	1770369829.584083
$GNGGA,092334.00,3252.78890,N,03516.15779,E,1,11,0.91,268.8,M,18.9,M,,*45	1770369829.584138
$GNGSA,A,3,24,06,12,19,15,11,,,,,,,1.64,0.91,1.37*1D	1770369829.688118
$GNGSA,A,3,81,78,79,88,69,,,,,,,,1.64,0.91,1.37*15	1770369829.688171
$GPGSV,3,1,12,06,38,075,39,11,40,135,35,12,55,325,38,15,11,203,19*79	1770369829.792094
$GPGSV,3,2,12,17,05,046,19,19,29,043,29,20,04,183,,22,06,084,21*78	1770369829.896150
$GPGSV,3,3,12,24,79,211,42,25,21,293,43,36,50,201,36,49,40,227,40*71	1770369829.896201
$GLGSV,3,1,09,68,00,210,,69,16,252,40,70,14,303,34,78,38,082,32*60	1770369830.000095
$GLGSV,3,2,09,79,52,000,30,80,14,312,42,81,66,130,37,82,28,183,20*6B	1770369830.104092
$GLGSV,3,3,09,88,35,039,29*5B	1770369830.104182
$GNGLL,3252.78890,N,03516.15779,E,092334.00,A,A*7C	1770369830.208118
$GNRMC,092335.00,A,3252.78869,N,03516.15878,E,3.435,100.53,060226,,,A*74	1770369830.520200
$GNVTG,100.53,T,,M,3.435,N,6.361,K,A*27	1770369830.520252
$GNGGA,092335.00,3252.78869,N,03516.15878,E,1,11,0.91,268.1,M,18.9,M,,*45	1770369830.624116
$GNGSA,A,3,24,06,12,19,15,11,,,,,,,1.64,0.91,1.37*1D	1770369830.624165
$GNGSA,A,3,81,78,79,88,69,,,,,,,,1.64,0.91,1.37*15	1770369830.728116
$GPGSV,3,1,12,06,38,075,38,11,40,135,38,12,55,325,36,15,11,203,18*7A	1770369830.832173
$GPGSV,3,2,12,17,05,046,18,19,29,043,29,20,04,183,,22,06,084,21*79	1770369830.832223
$GPGSV,3,3,12,24,79,211,41,25,21,293,44,36,50,201,38,49,40,227,37*7B	1770369830.936166
$GLGSV,3,1,09,68,00,210,,69,16,252,32,70,14,303,39,78,38,082,36*6C	1770369831.040133
$GLGSV,3,2,09,79,52,001,30,80,14,312,41,81,66,130,38,82,28,183,28*6E	1770369831.040187
$GLGSV,3,3,09,88,35,039,28*5A	1770369831.144092
$GNGLL,3252.78869,N,03516.15878,E,092335.00,A,A*75	1770369831.144181
$GNRMC,092336.00,A,3252.78859,N,03516.15995,E,3.708,97.95,060226,,,A*4E	1770369831.456140
$GNVTG,97.95,T,,M,3.708,N,6.867,K,A*12	1770369831.560099
$GNGGA,092336.00,3252.78859,N,03516.15995,E,1,11,0.91,268.0,M,18.9,M,,*46	1770369831.664120
$GNGSA,A,3,24,06,12,19,15,11,,,,,,,1.64,0.91,1.37*1D	1770369831.664172
$GNGSA,A,3,81,78,79,88,69,,,,,,,,1.64,0.91,1.37*15	1770369831.768825
$GPGSV,3,1,12,06,38,075,39,11,40,135,37,12,55,325,35,15,11,203,19*76	1770369831.768894
$GPGSV,3,2,12,17,05,046,19,19,29,043,29,20,04,183,,22,06,084,22*7B	1770369831.872120
$GPGSV,3,3,12,24,79,211,42,25,21,293,42,36,50,201,40,49,40,227,33*75	1770369831.976160
$GLGSV,3,1,09,68,00,210,,69,16,252,26,70,14,303,37,78,38,082,34*65	1770369831.976215
$GLGSV,3,2,09,79,52,001,34,80,15,312,39,81,66,130,39,82,28,183,27*6A	1770369832.080262
$GLGSV,3,3,09,88,35,039,29*5B	1770369832.080312
$GNGLL,3252.78859,N,03516.15995,E,092336.00,A,A*77	1770369832.184082
$GNRMC,092337.00,A,3252.78846,N,03516.16108,E,3.512,99.11,060226,,,A*45	1770369832.496135
$GNVTG,99.11,T,,M,3.512,N,6.503,K,A*16	1770369832.496191
$GNGGA,092337.00,3252.78846,N,03516.16108,E,1,11,0.91,267.9,M,18.9,M,,*40	1770369832.600105
$GNGSA,A,3,24,06,12,19,15,11,,,,,,,1.64,0.91,1.37*1D	1770369832.704115
$GNGSA,A,3,81,78,79,88,69,,,,,,,,1.64,0.91,1.37*15	1770369832.704204
$GPGSV,3,1,12,06,38,075,35,11,40,135,38,12,55,325,39,15,11,203,19*79	1770369832.808086
$GPGSV,3,2,12,17,05,046,20,19,29,043,28,20,04,183,,22,06,084,22*70	1770369832.912098
$GPGSV,3,3,12,24,79,211,42,25,21,293,39,36,50,201,39,49,40,227,35*71	1770369832.912150
$GLGSV,3,1,09,68,00,210,,69,16,252,27,70,14,303,34,78,38,082,34*67	1770369833.016092
$GLGSV,3,2,09,79,52,001,30,80,15,312,32,81,66,129,40,82,28,183,27*63	1770369833.120194
$GLGSV,3,3,09,88,35,039,29*5B	1770369833.120290
$GNGLL,3252.78846,N,03516.16108,E,092337.00,A,A*77	1770369833.224073
$GNRMC,092338.00,A,3252.78841,N,03516.16229,E,3.832,95.90,060226,,,A*47	1770369833.536107
$GNVTG,95.90,T,,M,3.832,N,7.097,K,A*15	1770369833.536158
$GNGGA,092338.00,3252.78841,N,03516.16229,E,1,11,0.91,267.7,M,18.9,M,,*46	1770369833.640214
$GNGSA,A,3,24,06,12,19,15,11,,,,,,,1.64,0.91,1.37*1D	1770369833.640265
$GNGSA,A,3,81,78,79,88,69,,,,,,,,1.64,0.91,1.37*15	1770369833.744172
$GPGSV,3,1,12,06,38,075,38,11,40,135,38,12,55,325,39,15,11,203,21*7F	1770369833.848251
$GPGSV,3,2,12,17,05,046,20,19,29,043,27,20,04,183,,22,06,084,21*7C	1770369833.848304
$GPGSV,3,3,12,24,79,211,42,25,21,293,33,36,50,201,40,49,40,227,39*79	1770369833.952180
$GLGSV,3,1,09,68,00,210,,69,16,252,24,70,14,303,37,78,38,082,34*67	1770369834.056192
$GLGSV,3,2,09,79,52,001,35,80,15,312,41,81,66,129,39,82,28,183,26*6D	1770369834.056246
$GLGSV,3,3,09,88,35,039,29*5B	1770369834.160142
$GNGLL,3252.78841,N,03516.16229,E,092338.00,A,A*7F	1770369834.160196
$GNRMC,092339.00,A,3252.78825,N,03516.16338,E,3.490,98.83,060226,,,A*4E	1770369834.472125
$GNVTG,98.83,T,,M,3.490,N,6.463,K,A*10	1770369834.576082
$GNGGA,092339.00,3252.78825,N,03516.16338,E,1,11,0.91,267.4,M,18.9,M,,*47	1770369834.576172
$GNGSA,A,3,24,06,12,19,15,11,,,,,,,1.64,0.91,1.37*1D	1770369834.680127
$GNGSA,A,3,81,78,79,88,69,,,,,,,,1.64,0.91,1.37*15	1770369834.680245
$GPGSV,3,1,12,06,38,075,34,11,40,135,38,12,55,325,39,15,11,203,20*72	1770369834.784096
$GPGSV,3,2,12,17,05,046,20,19,29,043,28,20,04,183,,22,06,084,20*72	1770369834.888106
$GPGSV,3,3,12,24,79,211,43,25,21,293,39,36,50,201,39,49,40,227,36*73	1770369834.992075
$GLGSV,3,1,09,68,00,210,,69,16,252,30,70,14,303,39,78,38,082,34*6C	1770369834.992124
$GLGSV,3,2,09,79,52,001,34,80,15,312,37,81,66,129,37,82,28,183,24*61	1770369835.096166
$GLGSV,3,3,09,88,35,039,29*5B	1770369835.096221
$GNGLL,3252.78825,N,03516.16338,E,092339.00,A,A*7D	1770369835.200123
$GNRMC,092340.00,A,3252.78812,N,03516.16451,E,3.527,97.97,060226,,,A*4B	1770369835.512077
$GNVTG,97.97,T,,M,3.527,N,6.533,K,A*13	1770369835.512127
$GNGGA,092340.00,3252.78812,N,03516.16451,E,1,11,0.97,267.3,M,18.9,M,,*44	1770369835.616145
$GNGSA,A,3,24,06,12,19,15,11,,,,,,,1.69,0.97,1.39*18	1770369835.720195
$GNGSA,A,3,81,78,79,88,69,,,,,,,,1.69,0.97,1.39*10	1770369835.720244
$GPGSV,3,1,12,06,38,075,36,11,40,135,40,12,55,325,39,15,11,203,20*7F	1770369835.824111
$GPGSV,3,2,12,17,05,046,19,19,29,043,27,20,04,183,,22,06,084,21*76	1770369835.824164
$GPGSV,3,3,12,24,79,211,41,25,21,293,37,36,50,201,40,49,40,227,36*71	1770369835.928083
$GLGSV,3,1,09,68,00,210,,69,16,252,31,70,14,303,34,78,38,082,34*60	1770369836.032119
$GLGSV,3,2,09,79,52,001,32,80,15,312,42,81,66,129,38,82,28,183,24*6A	1770369836.032170
$GLGSV,3,3,09,88,35,039,29*5B	1770369836.136138
$GNGLL,3252.78812,N,03516.16451,E,092340.00,A,A*7F	1770369836.136192
$GNRMC,092341.00,A,3252.78791,N,03516.16558,E,3.231,105.13,060226,,,A*70	1770369836.448249
$GNVTG,105.13,T,,M,3.231,N,5.984,K,A*26	1770369836.552396
$GNGGA,092341.00,3252.78791,N,03516.16558,E,1,11,0.91,267.4,M,18.9,M,,*48	1770369836.656298
$GNGSA,A,3,24,06,12,19,15,11,,,,,,,1.64,0.91,1.37*1D	1770369836.656351
$GNGSA,A,3,81,78,79,88,69,,,,,,,,1.64,0.91,1.37*15	1770369836.760158
$GPGSV,3,1,12,06,38,075,38,11,40,135,42,12,55,325,38,15,11,203,20*72	1770369836.760212
$GPGSV,3,2,12,17,05,046,18,19,29,043,27,20,04,183,,22,06,084,21*77	1770369836.864096
$GPGSV,3,3,12,24,79,211,43,25,21,293,41,36,50,201,38,49,40,227,33*78	1770369836.968138
$GLGSV,3,1,09,68,00,210,,69,16,252,26,70,14,303,40,78,38,082,34*65	1770369836.968194
$GLGSV,3,2,09,79,52,001,34,80,15,312,43,81,66,129,38,82,28,183,26*6F	1770369837.072218
$GLGSV,3,3,09,88,35,039,29*5B	1770369837.072309
$GNGLL,3252.78791,N,03516.16558,E,092341.00,A,A*72	1770369837.176122
$GNRMC,092342.00,A,3252.78775,N,03516.16664,E,3.310,101.83,060226,,,A*7A	1770369837.488095
$GNVTG,101.83,T,,M,3.310,N,6.131,K,A*2C	1770369837.592090
$GNGGA,092342.00,3252.78775,N,03516.16664,E,1,11,0.91,267.1,M,18.9,M,,*48	1770369837.592141
$GNGSA,A,3,24,06,12,19,15,11,,,,,,,1.64,0.91,1.36*1C	1770369837.696122
$GNGSA,A,3,81,78,79,88,69,,,,,,,,1.64,0.91,1.36*14	1770369837.696176
$GPGSV,3,1,12,06,38,075,35,11,40,135,42,12,55,325,39,15,11,203,24*7A	1770369837.800142
$GPGSV,3,2,12,17,05,046,22,19,29,043,31,20,04,183,,22,06,084,26*7E	1770369837.904447
$GPGSV,3,3,12,24,79,211,42,25,21,293,40,36,50,201,37,49,40,227,43*70	1770369837.904544
$GLGSV,3,1,09,68,00,210,,69,16,252,28,70,14,303,43,78,38,082,33*6F	1770369838.008131
$GLGSV,3,2,09,79,52,001,33,80,15,312,43,81,66,129,39,82,28,183,28*67	1770369838.112120
$GLGSV,3,3,09,88,35,039,32*51	1770369838.112175
$GNGLL,3252.78775,N,03516.16664,E,092342.00,A,A*77	1770369838.216122
$GNRMC,092343.00,A,3252.78773,N,03516.16775,E,3.314,95.42,060226,,,A*49	1770369838.528089
$GNVTG,95.42,T,,M,3.314,N,6.138,K,A*10	1770369838.528143
$GNGGA,092343.00,3252.78773,N,03516.16775,E,1,11,0.91,266.9,M,18.9,M,,*47	1770369838.632138
$GNGSA,A,3,24,06,12,19,15,11,,,,,,,1.64,0.91,1.36*1C	1770369838.632191
$GNGSA,A,3,81,78,79,88,69,,,,,,,,1.64,0.91,1.36*14	1770369838.736155
$GPGSV,3,1,12,06,38,075,37,11,40,135,42,12,55,325,39,15,11,203,24*78	1770369838.840087
$GPGSV,3,2,12,17,05,046,22,19,29,043,31,20,04,183,,22,06,084,26*7E	1770369838.840140
$GPGSV,3,3,12,24,79,211,42,25,21,293,42,36,50,201,39,49,40,227,43*7C	1770369838.944172
$GLGSV,3,1,09,68,00,210,,69,16,252,29,70,14,303,44,78,38,082,36*6C	1770369839.048143
$GLGSV,3,2,09,79,52,001,32,80,15,312,37,81,66,129,38,82,28,183,26*6A	1770369839.048196
$GLGSV,3,3,09,88,35,039,30*53	1770369839.152119
$GNGLL,3252.78773,N,03516.16775,E,092343.00,A,A*71	1770369839.152173
$GNRMC,092344.00,A,3252.78770,N,03516.16891,E,3.429,94.04,060226,,,A*42	1770369839.464254
$GNVTG,94.04,T,,M,3.429,N,6.350,K,A*16	1770369839.568113
$GNGGA,092344.00,3252.78770,N,03516.16891,E,1,11,0.91,266.9,M,18.9,M,,*46	1770369839.568166
$GNGSA,A,3,24,06,12,19,15,11,,,,,,,1.64,0.91,1.36*1C	1770369839.672202
$GNGSA,A,3,81,78,79,88,69,,,,,,,,1.64,0.91,1.36*14	1770369839.672259
$GPGSV,3,1,12,06,38,075,38,11,40,135,44,12,55,325,41,15,11,203,23*79	1770369839.776097
$GPGSV,3,2,12,17,05,046,23,19,29,043,29,20,04,183,,22,06,084,26*76	1770369839.880274
$GPGSV,3,3,12,24,79,211,45,25,21,293,44,36,50,201,42,49,40,227,46*74	1770369839.984166
$GLGSV,3,1,09,68,00,210,,69,16,252,34,70,14,303,43,78,38,082,35*64	1770369839.984218
$GLGSV,3,2,09,79,52,001,32,80,15,312,37,81,66,129,38,82,28,183,26*6A	1770369840.088110
$GLGSV,3,3,09,88,35,039,29*5B	1770369840.088576
$GNGLL,3252.78770,N,03516.16891,E,092344.00,A,A*70	1770369840.192126
$GNRMC,092345.00,A,3252.78759,N,03516.17000,E,3.247,96.61,060226,,,A*46	1770369840.504092
$GNVTG,96.61,T,,M,3.247,N,6.013,K,A*1D	1770369840.504144
$GNGGA,092345.00,3252.78759,N,03516.17000,E,1,11,0.91,266.9,M,18.9,M,,*4D	1770369840.608065
$GNGSA,A,3,24,06,12,19,15,11,,,,,,,1.64,0.91,1.36*1C	1770369840.712395
$GNGSA,A,3,81,78,79,88,69,,,,,,,,1.64,0.91,1.36*14	1770369840.712451
$GPGSV,3,1,12,06,38,075,38,11,40,135,45,12,55,325,41,15,11,203,22*79	1770369840.816087
$GPGSV,3,2,12,17,05,046,24,19,29,043,34,20,04,183,,22,06,084,24*7F	1770369840.816142
$GPGSV,3,3,12,24,79,211,44,25,21,293,46,36,50,201,43,49,40,227,39*7E	1770369840.920199
$GLGSV,3,1,09,68,00,210,,69,16,252,30,70,14,303,40,78,38,082,32*64	1770369841.024063
$GLGSV,3,2,09,79,52,001,30,80,15,312,42,81,66,129,37,82,28,183,26*65	1770369841.128139
$GLGSV,3,3,09,88,35,039,29*5B	1770369841.128191
$GNGLL,3252.78759,N,03516.17000,E,092345.00,A,A*7B	1770369841.128223
$GNRMC,092346.00,A,3252.78736,N,03516.17091,E,2.818,101.11,060226,,,A*7D	1770369841.544118
$GNVTG,101.11,T,,M,2.818,N,5.219,K,A*2F	1770369841.544174
$GNGGA,092346.00,3252.78736,N,03516.17091,E,1,11,0.91,266.7,M,18.9,M,,*41	1770369841.648127
$GNGSA,A,3,24,06,12,19,15,11,,,,,,,1.64,0.91,1.36*1C	1770369841.648178
$GNGSA,A,3,81,78,79,88,69,,,,,,,,1.64,0.91,1.36*14	1770369841.752183
$GPGSV,3,1,12,06,38,075,34,11,40,135,42,12,55,325,39,15,11,203,24*7B	1770369841.752239
$GPGSV,3,2,12,17,05,046,23,19,29,043,34,20,04,183,,22,06,084,23*7F	1770369841.856173
$GPGSV,3,3,12,24,79,211,43,25,21,293,46,36,50,201,45,49,40,227,43*72	1770369841.960224
$GLGSV,3,1,09,68,00,210,,69,16,252,29,70,14,303,40,78,38,082,31*6F	1770369842.064547
$GLGSV,3,2,09,79,52,001,35,80,15,312,42,81,66,129,39,82,28,183,26*6E	1770369842.064602
$GLGSV,3,3,09,88,35,039,28*5A	1770369842.064633
$GNGLL,3252.78736,N,03516.17091,E,092346.00,A,A*79	1770369842.168213
$GNRMC,092347.00,A,3252.78724,N,03516.17184,E,2.960,98.20,060226,,,A*47	1770369842.480173
$GNVTG,98.20,T,,M,2.960,N,5.482,K,A*16	1770369842.480227
$GNGGA,092347.00,3252.78724,N,03516.17184,E,1,11,0.91,266.5,M,18.9,M,,*44	1770369842.584196
$GNGSA,A,3,24,06,12,19,15,11,,,,,,,1.64,0.91,1.36*1C	1770369842.688102
$GNGSA,A,3,81,78,79,88,69,,,,,,,,1.64,0.91,1.36*14	1770369842.688152
$GPGSV,3,1,12,06,38,075,27,11,40,135,41,12,55,325,38,15,11,203,24*7B	1770369842.792081
$GPGSV,3,2,12,17,05,046,22,19,29,043,34,20,04,183,,22,06,084,22*7F	1770369842.896156
$GPGSV,3,3,12,24,79,211,44,25,21,293,44,36,50,201,45,49,40,227,44*70	1770369842.896211
$GLGSV,3,1,09,68,00,210,,69,16,252,29,70,14,303,41,78,38,082,29*67	1770369843.000082
$GLGSV,3,2,09,79,52,001,31,80,15,312,40,81,66,129,39,82,28,183,26*68	1770369843.104092
$GLGSV,3,3,09,88,35,039,28*5A	1770369843.104141
$GNGLL,3252.78724,N,03516.17184,E,092347.00,A,A*7E	1770369843.208061
$GNRMC,092348.00,A,3252.78731,N,03516.17303,E,3.739,90.15,060226,,,A*4C	1770369843.520100
$GNVTG,90.15,T,,M,3.739,N,6.924,K,A*19	1770369843.520151
$GNGGA,092348.00,3252.78731,N,03516.17303,E,1,11,0.91,266.4,M,18.9,M,,*43	1770369843.624104
$GNGSA,A,3,24,06,12,19,15,11,,,,,,,1.64,0.91,1.36*1C	1770369843.624157
$GNGSA,A,3,81,78,79,88,69,,,,,,,,1.64,0.91,1.36*14	1770369843.728115
$GPGSV,3,1,12,06,38,075,36,11,40,134,39,12,55,325,40,15,11,203,24*7A	1770369843.832082
$GPGSV,3,2,12,17,05,046,21,19,29,043,28,20,04,183,,22,06,084,22*71	1770369843.832131
$GPGSV,3,3,12,24,79,211,42,25,21,293,43,36,50,201,44,49,40,227,44*70	1770369843.936085
$GLGSV,3,1,09,68,00,210,,69,16,252,28,70,14,303,35,78,38,082,29*65	1770369844.040194
$GLGSV,3,2,09,79,52,001,30,80,15,312,37,81,66,129,39,82,28,183,26*69	1770369844.040246
$GLGSV,3,3,09,88,35,039,28*5A	1770369844.144169
$GNGLL,3252.78731,N,03516.17303,E,092348.00,A,A*78	1770369844.144219
$GNRMC,092349.00,A,3252.78713,N,03516.17381,E,2.952,95.76,060226,,,A*45	1770369844.456084
$GNVTG,95.76,T,,M,2.952,N,5.466,K,A*13	1770369844.560270
$GNGGA,092349.00,3252.78713,N,03516.17381,E,1,12,0.82,265.6,M,18.9,M,,*48	1770369844.664130
$GNGSA,A,3,24,06,12,19,15,11,25,,,,,,1.56,0.82,1.33*1D	1770369844.664402
$GNGSA,A,3,81,78,79,88,69,,,,,,,,1.56,0.82,1.33*12	1770369844.768148
$GPGSV,3,1,12,06,38,075,30,11,40,134,36,12,55,325,38,15,11,203,22*7A	1770369844.768202
$GPGSV,3,2,12,17,05,046,19,19,29,043,29,20,04,183,,22,06,084,20*79	1770369844.872137
$GPGSV,3,3,12,24,79,211,42,25,21,293,43,36,50,201,43,49,40,227,43*70	1770369844.976117
$GLGSV,3,1,09,68,00,210,,69,16,252,26,70,14,303,34,78,38,082,25*66	1770369844.976169
$GLGSV,3,2,09,79,52,001,32,80,15,312,37,81,66,129,39,82,28,183,30*6C	1770369845.080154
$GLGSV,3,3,09,88,35,039,25*57	1770369845.080252
$GNGLL,3252.78713,N,03516.17381,E,092349.00,A,A*73	1770369845.184432
$GNRMC,092350.00,A,3252.78660,N,03516.17440,E,3.192,110.07,060226,,,A*7D	1770369845.496144
$GNVTG,110.07,T,,M,3.192,N,5.911,K,A*21	1770369845.496200
$GNGGA,092350.00,3252.78660,N,03516.17440,E,1,12,0.82,264.7,M,18.9,M,,*4F	1770369845.600144
$GNGSA,A,3,24,06,12,19,15,11,25,,,,,,1.56,0.82,1.33*1D	1770369845.704085
$GNGSA,A,3,81,78,79,88,69,,,,,,,,1.56,0.82,1.33*12	1770369845.704173
$GPGSV,3,1,12,06,38,075,24,11,40,134,35,12,55,325,29,15,11,202,22*7D	1770369845.808088
$GPGSV,3,2,12,17,05,046,22,19,29,043,29,20,04,183,,22,06,084,22*73	1770369845.912093
$GPGSV,3,3,12,24,79,211,41,25,21,293,44,36,50,201,42,49,40,227,41*77	1770369845.912142
$GLGSV,3,1,09,68,00,210,,69,16,252,35,70,14,303,38,78,38,082,25*68	1770369846.016058
$GLGSV,3,2,09,79,52,001,33,80,15,312,39,81,66,129,39,82,28,183,28*6A	1770369846.120110
$GLGSV,3,3,09,88,35,039,26*54	1770369846.120164
$GNGLL,3252.78660,N,03516.17440,E,092350.00,A,A*74	1770369846.224096
$GNRMC,092351.00,A,3252.78611,N,03516.17512,E,3.326,112.42,060226,,,A*72	1770369846.536090
$GNVTG,112.42,T,,M,3.326,N,6.160,K,A*22	1770369846.536179
$GNGGA,092351.00,3252.78611,N,03516.17512,E,1,12,0.86,264.0,M,18.9,M,,*4D	1770369846.640109
$GNGSA,A,3,24,06,12,19,15,11,25,,,,,,1.59,0.86,1.34*11	1770369846.640162
$GNGSA,A,3,81,78,79,88,69,,,,,,,,1.59,0.86,1.34*1E	1770369846.744133
$GPGSV,3,1,12,06,38,075,31,11,40,134,41,12,55,325,36,15,11,202,20*76	1770369846.848180
$GPGSV,3,2,12,17,05,046,23,19,29,043,28,20,04,183,,22,06,084,22*73	1770369846.848233
$GPGSV,3,3,12,24,79,211,41,25,21,293,42,36,50,201,34,49,40,227,39*7F	1770369846.952094
$GLGSV,3,1,09,68,00,210,,69,16,252,35,70,14,303,32,78,38,082,31*67	1770369847.056243
$GLGSV,3,2,09,79,52,001,22,80,15,312,38,81,66,129,37,82,28,183,26*6B	1770369847.056296
$GLGSV,3,3,09,88,35,039,32*51	1770369847.160117
$GNGLL,3252.78611,N,03516.17512,E,092351.00,A,A*75	1770369847.160169
$GNRMC,092352.00,A,3252.78589,N,03516.17609,E,3.207,106.54,060226,,,A*7A	1770369847.472104
$GNVTG,106.54,T,,M,3.207,N,5.940,K,A*2B	1770369847.576095
$GNGGA,092352.00,3252.78589,N,03516.17609,E,1,12,0.82,263.8,M,18.9,M,,*4E	1770369847.576150
$GNGSA,A,3,24,06,12,19,15,11,25,,,,,,1.56,0.82,1.32*1C	1770369847.680081
$GNGSA,A,3,81,78,79,88,69,,,,,,,,1.56,0.82,1.32*13	1770369847.784261
$GPGSV,3,1,12,06,38,075,34,11,40,134,40,12,55,325,35,15,11,202,21*70	1770369847.784312
$GPGSV,3,2,12,17,05,046,22,19,29,043,32,20,04,183,,22,06,084,22*79	1770369847.888094
$GPGSV,3,3,12,24,79,211,41,25,21,293,40,36,50,201,33,49,40,227,41*75	1770369847.992120
$GLGSV,3,1,09,68,00,210,,69,16,252,36,70,14,303,33,78,38,082,31*65	1770369847.992210
$GLGSV,3,2,09,79,52,001,25,80,15,312,34,81,66,129,35,82,28,183,24*60	1770369848.096203
$GLGSV,3,3,09,88,35,039,27*55	1770369848.096257
$GNGLL,3252.78589,N,03516.17609,E,092352.00,A,A*7D	1770369848.200122
$GNRMC,092353.00,A,3252.78567,N,03516.17717,E,3.368,105.88,060226,,,A*7F	1770369848.512125
$GNVTG,105.88,T,,M,3.368,N,6.237,K,A*29	1770369848.512177
$GNGGA,092353.00,3252.78567,N,03516.17717,E,1,12,0.82,263.7,M,18.9,M,,*4E	1770369848.616074
$GNGSA,A,3,24,06,12,19,15,11,25,,,,,,1.56,0.82,1.32*1C	1770369848.720104
$GNGSA,A,3,81,78,79,88,69,,,,,,,,1.56,0.82,1.32*13	1770369848.720194
$GPGSV,4,1,13,06,38,075,30,11,40,134,38,12,55,325,33,15,11,202,20*7A	1770369848.824133
$GPGSV,4,2,13,17,05,046,22,19,29,043,27,20,04,183,,22,06,084,22*7B	1770369848.824187
$GPGSV,4,3,13,24,79,211,40,25,21,293,34,36,50,201,36,40,46,147,36*7E	1770369848.928160
$GPGSV,4,4,13,49,40,227,33*45	1770369848.928434
$GLGSV,3,1,09,68,00,210,,69,16,252,37,70,14,303,37,78,38,082,34*65	1770369849.032139
$GLGSV,3,2,09,79,52,001,29,80,15,312,30,81,66,129,37,82,28,183,31*6E	1770369849.136149
$GLGSV,3,3,09,88,35,039,28*5A	1770369849.136205
$GNGLL,3252.78567,N,03516.17717,E,092353.00,A,A*72	1770369849.240151
$GNRMC,092354.00,A,3252.78564,N,03516.17814,E,2.848,98.53,060226,,,A*4C	1770369849.448156
$GNVTG,98.53,T,,M,2.848,N,5.274,K,A*16	1770369849.552107
$GNGGA,092354.00,3252.78564,N,03516.17814,E,1,12,0.82,263.2,M,18.9,M,,*43	1770369849.656139
$GNGSA,A,3,24,06,12,19,15,11,25,,,,,,1.56,0.82,1.32*1C	1770369849.656195
$GNGSA,A,3,81,78,79,88,69,,,,,,,,1.56,0.82,1.32*13	1770369849.760091
$GPGSV,4,1,13,06,38,075,35,11,40,134,32,12,55,325,35,15,11,202,21*72	1770369849.760141
$GPGSV,4,2,13,17,05,046,22,19,28,043,27,20,04,183,,22,06,084,24*7C	1770369849.864155
$GPGSV,4,3,13,24,79,211,41,25,21,293,37,36,50,201,40,40,46,147,36*7D	1770369849.968096
$GPGSV,4,4,13,49,40,227,33*45	1770369849.968146
$GLGSV,3,1,09,68,00,210,,69,16,252,32,70,14,303,28,78,38,082,33*69	1770369850.072722
$GLGSV,3,2,09,79,52,001,29,80,15,312,36,81,66,129,40,82,28,183,32*6B	1770369850.072780
$GLGSV,3,3,09,88,35,039,32*51	1770369850.176126
$GNGLL,3252.78564,N,03516.17814,E,092354.00,A,A*7A	1770369850.176178
$GNRMC,092355.00,A,3252.78559,N,03516.17903,E,3.105,97.21,060226,,,A*4F	1770369850.488094
$GNVTG,97.21,T,,M,3.105,N,5.751,K,A*1F	1770369850.488181
$GNGGA,092355.00,3252.78559,N,03516.17903,E,1,12,0.86,262.8,M,18.9,M,,*44	1770369850.592121
$GNGSA,A,3,24,06,12,19,15,11,25,,,,,,1.59,0.86,1.34*11	1770369850.696111
$GNGSA,A,3,81,78,79,88,69,,,,,,,,1.59,0.86,1.34*1E	1770369850.696165
$GPGSV,4,1,13,06,38,075,31,11,40,134,37,12,55,325,35,15,11,202,21*73	1770369850.800140
$GPGSV,4,2,13,17,05,046,21,19,28,043,27,20,04,183,,22,06,084,24*7F	1770369850.904365
$GPGSV,4,3,13,24,79,211,38,25,21,293,39,36,50,201,42,40,46,147,34*7D	1770369850.904429
$GPGSV,4,4,13,49,40,227,36*40	1770369851.008292
$GLGSV,3,1,09,68,00,210,,69,16,252,32,70,14,303,29,78,38,082,34*6F	1770369851.008345
$GLGSV,3,2,09,79,52,001,28,80,15,312,30,81,66,129,38,82,28,183,28*68	1770369851.112147
$GLGSV,3,3,09,88,35,039,32*51	1770369851.112199
$GNGLL,3252.78559,N,03516.17903,E,092355.00,A,A*72	1770369851.216076
$GNRMC,092356.00,A,3252.78549,N,03516.18015,E,3.574,97.52,060226,,,A*4A	1770369851.528230
$GNVTG,97.52,T,,M,3.574,N,6.619,K,A*17	1770369851.528283
$GNGGA,092356.00,3252.78549,N,03516.18015,E,1,12,0.82,262.3,M,18.9,M,,*48	1770369851.632184
$GNGSA,A,3,24,06,12,19,15,11,25,,,,,,1.56,0.82,1.32*1C	1770369851.632239
$GNGSA,A,3,81,78,79,88,69,,,,,,,,1.56,0.82,1.32*13	1770369851.736073
$GPGSV,4,1,13,06,38,075,37,11,40,134,38,12,55,325,34,15,11,202,21*7B	1770369851.840123
$GPGSV,4,2,13,17,05,046,21,19,28,043,28,20,04,183,,22,06,084,24*70	1770369851.840217
$GPGSV,4,3,13,24,79,211,39,25,21,293,41,36,50,201,42,40,46,147,33*74	1770369851.944087
$GPGSV,4,4,13,49,40,227,41*40	1770369851.944139
$GLGSV,3,1,09,68,00,210,,69,16,252,35,70,14,303,34,78,38,082,31*61	1770369852.048103
$GLGSV,3,2,09,79,52,001,28,80,15,312,36,81,66,129,38,82,28,183,27*61	1770369852.152125
$GLGSV,3,3,09,88,35,039,31*52	1770369852.152179
$GNGLL,3252.78549,N,03516.18015,E,092356.00,A,A*71	1770369852.256074
$GNRMC,092357.00,A,3252.78539,N,03516.18149,E,4.176,98.90,060226,,,A*44	1770369852.464124
$GNVTG,98.90,T,,M,4.176,N,7.734,K,A*18	1770369852.568105
$GNGGA,092357.00,3252.78539,N,03516.18149,E,1,12,0.82,262.3,M,18.9,M,,*46	1770369852.568158
$GNGSA,A,3,24,06,12,19,15,11,25,,,,,,1.56,0.82,1.32*1C	1770369852.672102
$GNGSA,A,3,81,78,79,88,69,,,,,,,,1.56,0.82,1.32*13	1770369852.776166
$GPGSV,4,1,13,06,38,075,34,11,40,134,38,12,55,325,29,15,11,202,23*76	1770369852.776218
$GPGSV,4,2,13,17,05,046,22,19,28,043,27,20,04,183,,22,06,084,23*7B	1770369852.880170
$GPGSV,4,3,13,24,79,211,42,25,21,293,32,36,50,201,40,40,46,147,36*7B	1770369852.984130
$GPGSV,4,4,13,49,40,227,41*40	1770369852.984183
$GLGSV,3,1,09,68,00,210,,69,16,252,29,70,14,303,36,78,38,082,34*6B	1770369853.088257
$GLGSV,3,2,09,79,52,001,32,80,15,312,30,81,66,129,38,82,28,183,25*6E	1770369853.088577
$GLGSV,3,3,09,88,35,039,30*53	1770369853.192076
$GNGLL,3252.78539,N,03516.18149,E,092357.00,A,A*7F	1770369853.192163
$GNRMC,092358.00,A,3252.78530,N,03516.18281,E,3.681,97.95,060226,,,A*47	1770369853.504115
$GNVTG,97.95,T,,M,3.681,N,6.817,K,A*15	1770369853.504167
$GNGGA,092358.00,3252.78530,N,03516.18281,E,1,12,0.82,261.9,M,18.9,M,,*4E	1770369853.608136
$GNGSA,A,3,24,06,12,19,15,11,25,,,,,,1.56,0.82,1.32*1C	1770369853.712084
$GNGSA,A,3,81,78,79,88,69,,,,,,,,1.56,0.82,1.32*13	1770369853.712173
$GPGSV,4,1,14,06,38,075,33,11,40,134,37,12,55,325,37,15,11,202,22*77	1770369853.816439
$GPGSV,4,2,14,17,05,046,23,19,28,043,28,20,04,183,,22,06,084,23*72	1770369853.920152
$GPGSV,4,3,14,24,79,210,39,25,21,293,33,29,,,34,36,50,201,41*4C	1770369853.920204
$GPGSV,4,4,14,40,46,147,34,49,40,227,39*7B	1770369854.024151
$GLGSV,3,1,09,68,00,210,,69,16,252,36,70,14,303,33,78,38,082,33*67	1770369854.024202
$GLGSV,3,2,09,79,52,001,33,80,15,312,39,81,66,129,34,82,28,183,26*69	1770369854.128090
$GLGSV,3,3,09,88,35,039,34*57	1770369854.128182
$GNGLL,3252.78530,N,03516.18281,E,092358.00,A,A*7E	1770369854.232115
$GNRMC,092359.00,A,3252.78511,N,03516.18407,E,3.843,102.11,060226,,,A*7C	1770369854.544154
$GNVTG,102.11,T,,M,3.843,N,7.117,K,A*2C	1770369854.544208
$GNGGA,092359.00,3252.78511,N,03516.18407,E,1,12,0.82,261.8,M,18.9,M,,*45	1770369854.648122
$GNGSA,A,3,24,06,12,19,15,11,25,,,,,,1.56,0.82,1.32*1C	1770369854.648172
$GNGSA,A,3,81,78,79,88,69,,,,,,,,1.56,0.82,1.32*13	1770369854.752352
$GPGSV,4,1,14,06,38,075,34,11,40,134,36,12,55,325,36,15,11,202,22*70	1770369854.752408
$GPGSV,4,2,14,17,05,046,23,19,28,043,28,20,04,183,,22,06,084,24*75	1770369854.856115
$GPGSV,4,3,14,24,79,210,41,25,21,293,28,29,,,23,36,50,201,40*4E	1770369854.960229
$GPGSV,4,4,14,40,46,147,29,49,40,227,40*79	1770369854.960280
$GLGSV,3,1,09,68,00,210,,69,16,252,33,70,14,303,27,78,38,082,33*67	1770369855.064479
$GLGSV,3,2,09,79,52,001,32,80,15,312,42,81,66,129,36,82,28,183,26*66	1770369855.168089
$GLGSV,3,3,09,88,35,039,25*57	1770369855.168140
$GNGLL,3252.78511,N,03516.18407,E,092359.00,A,A*74	1770369855.168169
$GNRMC,092400.00,A,3252.78492,N,03516.18522,E,3.431,101.96,060226,,,A*7E	1770369855.480105
$GNVTG,101.96,T,,M,3.431,N,6.354,K,A*2D	1770369855.584133
$GNGGA,092400.00,3252.78492,N,03516.18522,E,1,12,0.82,261.9,M,18.9,M,,*43	1770369855.584187
$GNGSA,A,3,24,06,12,19,15,11,25,,,,,,1.56,0.82,1.32*1C	1770369855.688173
$GNGSA,A,3,81,78,79,88,69,,,,,,,,1.56,0.82,1.32*13	1770369855.688228
$GPGSV,4,1,14,06,38,075,36,11,40,134,35,12,55,325,37,15,11,202,21*73	1770369855.792225
$GPGSV,4,2,14,17,05,046,24,19,28,043,33,20,04,183,,22,06,084,24*78	1770369855.896207
$GPGSV,4,3,14,24,79,210,38,25,21,293,29,29,,,23,36,50,201,40*41	1770369855.896258
$GPGSV,4,4,14,40,46,147,33,49,40,227,38*7D	1770369856.000178
$GLGSV,3,1,09,68,00,210,,69,16,252,35,70,14,303,35,78,38,082,35*64	1770369856.104121
$GLGSV,3,2,09,79,52,001,35,80,15,312,38,81,66,129,33,82,28,183,27*68	1770369856.104172
$GLGSV,3,3,09,88,35,039,30*53	1770369856.208124
$GNGLL,3252.78492,N,03516.18522,E,092400.00,A,A*73	1770369856.208175
$GNRMC,092401.00,A,3252.78489,N,03516.18622,E,3.046,96.90,060226,,,A*4B	1770369856.520161
$GNVTG,96.90,T,,M,3.046,N,5.640,K,A*13	1770369856.520215
$GNGGA,092401.00,3252.78489,N,03516.18622,E,1,12,0.82,261.4,M,18.9,M,,*46	1770369856.624110
$GNGSA,A,3,24,06,12,19,15,11,25,,,,,,1.56,0.82,1.32*1C	1770369856.728496
$GNGSA,A,3,81,78,79,88,69,,,,,,,,1.56,0.82,1.32*13	1770369856.728549
$GPGSV,4,1,14,06,38,075,33,11,40,134,39,12,55,325,40,15,11,202,22*79	1770369856.832104
$GPGSV,4,2,14,17,05,046,24,19,28,043,30,20,04,183,,22,06,084,24*7B	1770369856.832155
$GPGSV,4,3,14,24,79,210,42,25,21,293,33,29,,,26,36,50,201,37*42	1770369856.936118
$GPGSV,4,4,14,40,46,147,28,49,40,227,41*79	1770369856.936172
$GLGSV,3,1,09,68,00,210,,69,16,252,38,70,14,303,38,78,38,082,36*67	1770369857.040125
$GLGSV,3,2,09,79,52,001,31,80,15,312,35,81,66,129,38,82,28,183,31*6D	1770369857.144189
$GLGSV,3,3,09,88,35,039,30*53	1770369857.144243
$GNGLL,3252.78489,N,03516.18622,E,092401.00,A,A*7B	1770369857.248070
$GNRMC,092402.00,A,3252.78506,N,03516.18727,E,2.988,88.79,060226,,,A*48	1770369857.456093
$GNVTG,88.79,T,,M,2.988,N,5.534,K,A*11	1770369857.560101
$GNGGA,092402.00,3252.78506,N,03516.18727,E,1,12,0.82,261.4,M,18.9,M,,*47	1770369857.664139
$GNGSA,A,3,24,06,12,19,15,11,25,,,,,,1.56,0.82,1.32*1C	1770369857.664192
$GNGSA,A,3,81,78,79,88,69,,,,,,,,1.56,0.82,1.32*13	1770369857.768169
$GPGSV,4,1,14,06,38,075,35,11,40,134,38,12,55,325,39,15,11,202,21*73	1770369857.768221
$GPGSV,4,2,14,17,05,046,25,19,28,043,29,20,04,183,,22,06,084,25*73	1770369857.872077
$GPGSV,4,3,14,24,79,210,40,25,21,293,27,29,,,25,36,50,201,38*49	1770369857.976221
$GPGSV,4,4,14,40,46,147,32,49,40,227,39*7D	1770369857.976272
$GLGSV,3,1,09,68,00,210,,69,16,252,37,70,14,303,33,78,38,082,32*67	1770369858.080151
$GLGSV,3,2,09,79,52,001,31,80,15,312,38,81,66,129,35,82,28,183,24*69	1770369858.080205
$GLGSV,3,3,09,88,35,039,37*54	1770369858.184145
$GNGLL,3252.78506,N,03516.18727,E,092402.00,A,A*7A	1770369858.184197
$GNRMC,092403.00,A,3252.78503,N,03516.18818,E,2.818,96.77,060226,,,A*46	1770369858.496163
$GNVTG,96.77,T,,M,2.818,N,5.219,K,A*10	1770369858.496333
$GNGGA,092403.00,3252.78503,N,03516.18818,E,1,12,0.77,261.3,M,18.9,M,,*4D	1770369858.600127
$GNGSA,A,3,24,06,12,19,15,11,25,,,,,,1.48,0.77,1.26*1C	1770369858.704119
$GNGSA,A,3,81,78,79,80,88,69,,,,,,,1.48,0.77,1.26*1B	1770369858.704169
$GPGSV,4,1,14,06,38,075,38,11,40,134,39,12,55,325,39,15,11,202,22*7C	1770369858.808101
$GPGSV,4,2,14,17,05,046,31,19,28,043,29,20,04,183,,22,06,084,25*76	1770369858.912123
$GPGSV,4,3,14,24,79,210,41,25,21,293,35,29,,,32,36,50,201,42*40	1770369858.912175
$GPGSV,4,4,14,40,46,147,35,49,40,227,38*7B	1770369859.016113
$GLGSV,3,1,09,68,00,210,,69,16,252,35,70,14,303,33,78,38,082,33*64	1770369859.016163
$GLGSV,3,2,09,79,52,001,32,80,15,312,44,81,66,129,39,82,28,183,25*6C	1770369859.120148
$GLGSV,3,3,09,88,35,039,35*56	1770369859.224131
$GNGLL,3252.78503,N,03516.18818,E,092403.00,A,A*7D	1770369859.224185
$GNRMC,092404.00,A,3252.78509,N,03516.18935,E,3.646,92.60,060226,,,A*43	1770369859.536196
$GNVTG,92.60,T,,M,3.646,N,6.753,K,A*1E	1770369859.536251
$GNGGA,092404.00,3252.78509,N,03516.18935,E,1,12,0.77,260.7,M,18.9,M,,*4B	1770369859.640164
$GNGSA,A,3,24,06,12,19,15,11,25,,,,,,1.48,0.77,1.26*1C	1770369859.640218
$GNGSA,A,3,81,78,79,80,88,69,,,,,,,1.48,0.77,1.26*1B	1770369859.744141
$GPGSV,4,1,14,06,38,075,35,11,40,134,36,12,55,325,37,15,11,202,23*71	1770369859.848079
$GPGSV,4,2,14,17,05,046,24,19,28,043,33,20,04,183,,22,06,084,23*7F	1770369859.848134
$GPGSV,4,3,14,24,79,210,42,25,21,293,35,29,,,27,36,50,201,38*4A	1770369859.952125
$GPGSV,4,4,14,40,46,147,37,49,40,227,38*79	1770369859.952215
$GLGSV,3,1,09,68,00,210,,69,16,252,36,70,14,303,40,78,38,082,36*66	1770369860.056142
$GLGSV,3,2,09,79,52,001,31,80,15,312,46,81,66,129,38,82,28,183,25*6C	1770369860.160225
$GLGSV,3,3,09,88,35,039,35*56	1770369860.160276
$GNGLL,3252.78509,N,03516.18935,E,092404.00,A,A*7E	1770369860.264105
$GNRMC,092405.00,A,3252.78517,N,03516.19057,E,3.569,96.25,060226,,,A*4A	1770369860.472124
$GNVTG,96.25,T,,M,3.569,N,6.610,K,A*13	1770369860.576126
$GNGGA,092405.00,3252.78517,N,03516.19057,E,1,12,0.77,260.2,M,18.9,M,,*4C	1770369860.576179
$GNGSA,A,3,24,06,12,19,15,11,25,,,,,,1.48,0.77,1.26*1C	1770369860.680146
$GNGSA,A,3,81,78,79,80,88,69,,,,,,,1.48,0.77,1.26*1B	1770369860.784170
$GPGSV,4,1,14,06,38,075,35,11,40,134,40,12,55,325,37,15,11,202,23*70	1770369860.784223
$GPGSV,4,2,14,17,05,046,25,19,28,043,30,20,04,183,,22,06,084,23*7D	1770369860.888079
$GPGSV,4,3,14,24,79,210,41,25,21,293,32,29,,,27,36,50,201,30*46	1770369860.992093
$GPGSV,4,4,14,40,46,147,39,49,40,227,39*76	1770369860.992181
$GLGSV,3,1,09,68,00,210,,69,16,252,31,70,14,303,34,78,38,082,34*60	1770369861.096100
$GLGSV,3,2,09,79,52,001,28,80,15,312,41,81,66,129,39,82,28,183,27*60	1770369861.096155
$GLGSV,3,3,09,88,35,039,39*5A	1770369861.200078
$GNGLL,3252.78517,N,03516.19057,E,092405.00,A,A*7C	1770369861.200165
$GNRMC,092406.00,A,3252.78495,N,03516.19151,E,2.624,103.89,060226,,,A*75	1770369861.512083
$GNVTG,103.89,T,,M,2.624,N,4.860,K,A*28	1770369861.512361
$GNGGA,092406.00,3252.78495,N,03516.19151,E,1,12,0.77,259.5,M,18.9,M,,*4E	1770369861.616158
$GNGSA,A,3,24,06,12,19,15,11,25,,,,,,1.48,0.77,1.26*1C	1770369861.720105
$GNGSA,A,3,81,78,79,80,88,69,,,,,,,1.48,0.77,1.26*1B	1770369861.720158
$GPGSV,4,1,14,06,38,075,37,11,40,134,39,12,55,325,37,15,11,202,23*7C	1770369861.824099
$GPGSV,4,2,14,17,05,046,26,19,28,043,24,20,04,183,,22,06,084,22*7A	1770369861.928072
$GPGSV,4,3,14,24,79,210,38,25,21,293,33,29,,,32,36,50,201,34*49	1770369861.928160
$GPGSV,4,4,14,40,46,147,40,49,40,227,31*70	1770369862.032078
$GLGSV,3,1,09,68,00,210,,69,16,252,39,70,14,303,38,78,38,082,31*61	1770369862.032128
$GLGSV,3,2,09,79,52,001,32,80,15,312,34,81,66,129,37,82,28,183,27*67	1770369862.136087
$GLGSV,3,3,09,88,35,039,34*57	1770369862.136140
$GNGLL,3252.78495,N,03516.19151,E,092406.00,A,A*73	1770369862.240085
$GNRMC,092407.00,A,3252.78489,N,03516.19241,E,3.267,98.57,060226,,,A*49	1770369862.448538
$GNVTG,98.57,T,,M,3.267,N,6.050,K,A*13	1770369862.552130
$GNGGA,092407.00,3252.78489,N,03516.19241,E,1,12,0.77,259.2,M,18.9,M,,*47	1770369862.656126
$GNGSA,A,3,24,06,12,19,15,11,25,,,,,,1.48,0.77,1.26*1C	1770369862.656178
$GNGSA,A,3,81,78,79,80,88,69,,,,,,,1.48,0.77,1.26*1B	1770369862.760160
$GPGSV,4,1,14,06,38,075,37,11,40,134,40,12,55,325,39,15,11,202,23*7C	1770369862.760211
$GPGSV,4,2,14,17,05,046,25,19,28,043,30,20,04,183,,22,06,084,23*7D	1770369862.864112
$GPGSV,4,3,14,24,79,210,39,25,21,293,41,29,,,26,36,50,201,37*4B	1770369862.968154
$GPGSV,4,4,14,40,46,147,40,49,40,227,40*76	1770369862.968206
$GLGSV,3,1,09,68,00,210,,69,16,252,35,70,14,303,36,78,38,082,34*66	1770369863.072864
$GLGSV,3,2,09,79,52,001,28,80,15,312,34,81,66,129,38,82,28,183,28*6C	1770369863.176115
$GLGSV,3,3,09,88,35,039,33*50	1770369863.176167
$GNGLL,3252.78489,N,03516.19241,E,092407.00,A,A*7D	1770369863.176196
$GNRMC,092408.00,A,3252.78503,N,03516.19347,E,3.137,93.28,060226,,,A*47	1770369863.488184
$GNVTG,93.28,T,,M,3.137,N,5.810,K,A*19	1770369863.488239
$GNGGA,092408.00,3252.78503,N,03516.19347,E,1,12,0.77,259.1,M,18.9,M,,*4F	1770369863.592190
$GNGSA,A,3,24,06,12,19,15,11,25,,,,,,1.48,0.77,1.26*1C	1770369863.696377
$GNGSA,A,3,81,78,79,80,88,69,,,,,,,1.48,0.77,1.26*1B	1770369863.696433
$GPGSV,4,1,14,06,38,075,34,11,40,134,39,12,55,325,35,15,11,202,25*7B	1770369863.800128
$GPGSV,4,2,14,17,05,046,24,19,28,043,30,20,04,183,,22,06,084,24*7B	1770369863.904156
$GPGSV,4,3,14,24,79,210,42,25,21,293,38,29,,,31,36,50,201,41*4E	1770369863.904209
$GPGSV,4,4,14,40,46,147,34,49,40,227,40*75	1770369864.008140
$GLGSV,3,1,09,68,00,210,,69,16,252,37,70,14,303,29,78,38,082,30*6E	1770369864.008191
$GLGSV,3,2,09,79,52,001,35,80,15,312,34,81,66,129,39,82,28,183,29*60	1770369864.112127
$GLGSV,3,3,09,88,35,039,37*54	1770369864.216097
$GNGLL,3252.78503,N,03516.19347,E,092408.00,A,A*76	1770369864.216149
$GNRMC,092409.00,A,3252.78511,N,03516.19453,E,3.175,95.04,060226,,,A*49	1770369864.528152
$GNVTG,95.04,T,,M,3.175,N,5.879,K,A*18	1770369864.528203
$GNGGA,092409.00,3252.78511,N,03516.19453,E,1,12,0.77,258.8,M,18.9,M,,*47	1770369864.632094
$GNGSA,A,3,24,06,12,19,15,11,25,,,,,,1.48,0.77,1.26*1C	1770369864.632148
$GNGSA,A,3,81,78,79,80,88,69,,,,,,,1.48,0.77,1.26*1B	1770369864.736159
$GPGSV,4,1,14,06,38,075,36,11,40,134,39,12,55,325,38,15,11,202,24*75	1770369864.840162
$GPGSV,4,2,14,17,05,046,26,19,28,043,30,20,04,183,,22,06,084,25*78	1770369864.840216
$GPGSV,4,3,14,24,79,210,41,25,21,293,43,29,,,27,36,50,201,39*49	1770369864.944106
$GPGSV,4,4,14,40,46,147,35,49,40,227,32*71	1770369864.944158
$GLGSV,3,1,09,68,00,210,,69,16,252,34,70,14,303,35,78,38,082,33*63	1770369865.048161
$GLGSV,3,2,09,79,52,001,35,80,15,312,37,81,66,129,38,82,28,183,30*6A	1770369865.152069
$GLGSV,3,3,09,88,35,039,37*54	1770369865.152156
$GNGLL,3252.78511,N,03516.19453,E,092409.00,A,A*76	1770369865.256065
$GNRMC,092410.00,A,3252.78513,N,03516.19558,E,3.148,96.62,060226,,,A*44	1770369865.464183
$GNVTG,96.62,T,,M,3.148,N,5.830,K,A*18	1770369865.568094
$GNGGA,092410.00,3252.78513,N,03516.19558,E,1,12,0.77,258.9,M,18.9,M,,*46	1770369865.568144
$GNGSA,A,3,24,06,12,19,15,11,25,,,,,,1.48,0.77,1.26*1C	1770369865.672152
$GNGSA,A,3,81,78,79,80,88,69,,,,,,,1.48,0.77,1.26*1B	1770369865.776134
$GPGSV,4,1,14,06,38,075,27,11,40,134,40,12,55,325,41,15,11,202,24*75	1770369865.776188
$GPGSV,4,2,14,17,05,046,27,19,28,043,37,20,04,183,,22,06,084,25*7E	1770369865.880220
$GPGSV,4,3,14,24,79,210,39,25,21,293,37,29,,,38,36,50,201,39*4B	1770369865.984220
$GPGSV,4,4,14,40,46,147,36,49,40,227,30*70	1770369865.984274
$GLGSV,3,1,09,68,00,210,,69,16,252,29,70,14,303,31,78,38,082,29*60	1770369866.088109
$GLGSV,3,2,09,79,52,001,36,80,15,312,30,81,66,129,40,82,28,183,29*69	1770369866.088165
$GLGSV,3,3,09,88,35,039,33*50	1770369866.192098
$GNGLL,3252.78513,N,03516.19558,E,092410.00,A,A*76	1770369866.192148
$GNRMC,092411.00,A,3252.78497,N,03516.19623,E,1.568,103.49,060226,,,A*77	1770369866.504090
$GNVTG,103.49,T,,M,1.568,N,2.904,K,A*29	1770369866.504180
$GNGGA,092411.00,3252.78497,N,03516.19623,E,1,12,0.77,258.4,M,18.9,M,,*48	1770369866.608096
$GNGSA,A,3,24,06,12,19,15,11,25,,,,,,1.48,0.77,1.26*1C	1770369866.712174
$GNGSA,A,3,81,78,79,80,88,69,,,,,,,1.48,0.77,1.26*1B	1770369866.712229
$GPGSV,4,1,14,06,38,075,34,11,40,134,38,12,55,325,39,15,11,202,23*70	1770369866.816084
$GPGSV,4,2,14,17,05,046,27,19,28,043,31,20,04,183,,22,06,084,24*79	1770369866.920193
$GPGSV,4,3,14,24,79,210,41,25,21,293,44,29,,,40,36,50,201,40*41	1770369866.920246
$GPGSV,4,4,14,40,46,147,37,49,40,227,41*77	1770369867.024114
$GLGSV,3,1,09,68,00,210,,69,16,252,37,70,14,303,34,78,38,082,33*61	1770369867.024165
$GLGSV,3,2,09,79,52,001,37,80,15,312,30,81,66,129,35,82,28,183,28*6B	1770369867.128111
$GLGSV,3,3,09,88,35,039,35*56	1770369867.128164
$GNGLL,3252.78497,N,03516.19623,E,092411.00,A,A*75	1770369867.232097
$GNRMC,092412.00,A,3252.78491,N,03516.19643,E,0.493,,060226,,,A*61	1770369867.544133
$GNVTG,,T,,M,0.493,N,0.914,K,A*3F	1770369867.544188
$GNGGA,092412.00,3252.78491,N,03516.19643,E,1,12,0.79,258.5,M,18.9,M,,*44	1770369867.648157
$GNGSA,A,3,24,06,12,19,15,11,25,,,,,,1.53,0.79,1.31*1E	1770369867.648212
$GNGSA,A,3,81,78,79,80,88,69,,,,,,,1.53,0.79,1.31*19	1770369867.752092
$GPGSV,4,1,14,06,38,075,35,11,40,134,37,12,55,325,39,15,11,202,21*7C	1770369867.752181
$GPGSV,4,2,14,17,05,046,26,19,28,043,26,20,04,183,,22,06,084,26*7C	1770369867.856341
$GPGSV,4,3,14,24,79,210,43,25,21,293,41,29,,,41,36,50,201,37*47	1770369867.960288
$GPGSV,4,4,14,40,46,147,34,49,40,227,37*75	1770369867.960338
$GLGSV,3,1,09,68,00,210,,69,16,252,32,70,14,303,34,78,38,082,33*64	1770369868.064494
$GLGSV,3,2,09,79,52,001,38,80,15,312,33,81,66,129,41,82,28,183,29*65	1770369868.168132
$GLGSV,3,3,09,88,35,039,36*55	1770369868.168183
$GNGLL,3252.78491,N,03516.19643,E,092412.00,A,A*76	1770369868.168259
$GNRMC,092413.00,A,3252.78508,N,03516.19688,E,1.809,84.65,060226,,,A*49	1770369868.480096
$GNVTG,84.65,T,,M,1.809,N,3.350,K,A*19	1770369868.584091
$GNGGA,092413.00,3252.78508,N,03516.19688,E,1,12,0.77,258.8,M,18.9,M,,*40	1770369868.584179
$GNGSA,A,3,24,06,12,19,15,11,25,,,,,,1.48,0.77,1.26*1C	1770369868.688091
$GNGSA,A,3,81,78,79,80,88,69,,,,,,,1.48,0.77,1.26*1B	1770369868.688142
$GPGSV,4,1,14,06,38,075,25,11,40,134,37,12,55,325,37,15,11,202,21*73	1770369868.792101
$GPGSV,4,2,14,17,05,046,24,19,28,043,31,20,04,183,,22,06,084,26*78	1770369868.896086
$GPGSV,4,3,14,24,79,210,38,25,21,293,37,29,,,41,36,50,201,36*4B	1770369868.896174
$GPGSV,4,4,14,40,46,147,34,49,40,227,42*77	1770369869.000195
$GLGSV,3,1,09,68,00,210,,69,16,252,33,70,14,303,34,78,38,082,27*60	1770369869.104121
$GLGSV,3,2,09,79,52,001,36,80,15,312,28,81,66,129,30,82,28,183,28*66	1770369869.104172
$GLGSV,3,3,09,88,35,039,30*53	1770369869.208074
$GNGLL,3252.78508,N,03516.19688,E,092413.00,A,A*71	1770369869.208123
$GNRMC,092414.00,A,3252.78506,N,03516.19715,E,0.590,,060226,,,A*68	1770369869.520070
$GNVTG,,T,,M,0.590,N,1.093,K,A*3A	1770369869.520121
$GNGGA,092414.00,3252.78506,N,03516.19715,E,1,12,0.77,259.0,M,18.9,M,,*45	1770369869.624212
$GNGSA,A,3,24,06,12,19,15,11,25,,,,,,1.48,0.77,1.26*1C	1770369869.624263
$GNGSA,A,3,81,78,79,80,88,69,,,,,,,1.48,0.77,1.26*1B	1770369869.728140
$GPGSV,4,1,14,06,38,075,35,11,40,134,39,12,55,325,37,15,11,202,22*7F	1770369869.832145
$GPGSV,4,2,14,17,05,046,24,19,28,043,32,20,04,183,,22,06,084,25*78	1770369869.832234
$GPGSV,4,3,14,24,79,210,27,25,21,293,36,29,,,40,36,50,201,29*4B	1770369869.936139
$GPGSV,4,4,14,40,46,147,35,49,40,227,36*75	1770369869.936193
$GLGSV,3,1,09,68,00,210,,69,16,252,36,70,14,303,35,78,38,082,32*60	1770369870.040208
