þ$GNRMC,123537.00,A,3252.78577,N,03516.11981,E,0.178,,070226,,,A*6D	1770467752.376601
$GNVTG,,T,,M,0.178,N,0.329,K,A*3B	1770467752.480568
$GNGGA,123537.00,3252.78577,N,03516.11981,E,1,12,0.79,259.2,M,18.9,M,,*4F	1770467752.480620
$GNGSA,A,3,18,25,28,29,12,05,21,11,26,,,,1.38,0.79,1.13*15	1770467752.584538
$GNGSA,A,3,73,84,83,74,85,,,,,,,,1.38,0.79,1.13*16	1770467752.688566
$GPGSV,4,1,15,05,37,094,38,11,16,042,27,12,34,124,34,18,42,221,44*71	1770467752.688624
$GPGSV,4,2,15,21,22,063,27,23,01,184,,25,77,119,37,26,10,315,25*7A	1770467752.792568
$GPGSV,4,3,15,28,35,280,37,29,61,345,34,31,19,309,27,36,50,201,37*73	1770467752.896563
$GPGSV,4,4,15,40,45,147,35,41,27,116,,49,40,227,44*44	1770467752.896613
$GLGSV,2,1,08,67,00,046,,73,70,166,38,74,56,326,19,75,05,330,20*6E	1770467753.000671
$GLGSV,2,2,08,80,14,152,25,83,40,025,35,84,66,286,33,85,24,240,38*69	1770467753.104537
$GNGLL,3252.78577,N,03516.11981,E,123537.00,A,A*7B	1770467753.104590
$GNRMC,123538.00,A,3252.78580,N,03516.12013,E,1.281,100.67,070226,,,A*71	1770467753.416636
$GNVTG,100.67,T,,M,1.281,N,2.373,K,A*2C	1770467753.416693
$GNGGA,123538.00,3252.78580,N,03516.12013,E,1,12,0.79,259.3,M,18.9,M,,*48	1770467753.520736
$GNGSA,A,3,18,25,28,29,12,05,21,11,26,,,,1.38,0.79,1.13*15	1770467753.624529
$GNGSA,A,3,73,84,83,74,85,,,,,,,,1.38,0.79,1.13*16	1770467753.624582
$GPGSV,4,1,15,05,37,094,40,11,16,042,27,12,34,124,31,18,42,221,44*7B	1770467753.728535
$GPGSV,4,2,15,21,22,063,32,23,01,184,,25,77,119,41,26,10,315,25*7F	1770467753.832523
$GPGSV,4,3,15,28,35,280,45,29,61,345,40,31,19,309,24,36,50,201,37*76	1770467753.832576
$GPGSV,4,4,15,40,45,147,39,41,27,116,,49,40,227,46*4A	1770467753.936528
$GLGSV,2,1,08,67,00,046,,73,70,166,38,74,56,326,29,75,05,330,21*6C	1770467754.040542
$GLGSV,2,2,08,80,14,152,25,83,40,025,26,84,66,286,36,85,24,240,36*60	1770467754.040593
$GNGLL,3252.78580,N,03516.12013,E,123538.00,A,A*7D	1770467754.144498
$GNRMC,123539.00,A,3252.78599,N,03516.12071,E,2.062,74.07,070226,,,A*44	1770467754.456603
$GNVTG,74.07,T,,M,2.062,N,3.818,K,A*13	1770467754.456659
$GNGGA,123539.00,3252.78599,N,03516.12071,E,1,12,0.79,259.5,M,18.9,M,,*43	1770467754.560586
$GNGSA,A,3,18,25,28,29,12,05,21,11,26,,,,1.38,0.79,1.13*15	1770467754.560640
$GNGSA,A,3,73,84,83,74,85,,,,,,,,1.38,0.79,1.13*16	1770467754.664685
$GPGSV,4,1,15,05,37,094,39,11,16,042,26,12,34,124,33,18,42,221,42*70	1770467754.768537
$GPGSV,4,2,15,21,22,063,29,23,01,184,,25,77,119,39,26,10,315,28*77	1770467754.768589
$GPGSV,4,3,15,28,35,280,42,29,61,345,38,31,19,309,,36,50,201,42*7A	1770467754.872514
$GPGSV,4,4,15,40,45,147,32,41,27,116,,49,40,227,42*45	1770467754.872605
$GLGSV,2,1,08,67,00,045,,73,70,166,36,74,56,326,31,75,05,330,22*6B	1770467754.976703
$GLGSV,2,2,08,80,14,152,24,83,40,025,31,84,66,286,36,85,24,240,40*66	1770467755.080651
$GNGLL,3252.78599,N,03516.12071,E,123539.00,A,A*70	1770467755.080704
$GNRMC,123540.00,A,3252.78653,N,03516.12152,E,3.379,55.56,070226,,,A*40	1770467755.392519
$GNVTG,55.56,T,,M,3.379,N,6.257,K,A*18	1770467755.496536
$GNGGA,123540.00,3252.78653,N,03516.12152,E,1,12,0.79,259.5,M,18.9,M,,*48	1770467755.496586
$GNGSA,A,3,18,25,28,29,12,05,21,11,26,,,,1.38,0.79,1.13*15	1770467755.600525
$GNGSA,A,3,73,84,83,74,85,,,,,,,,1.38,0.79,1.13*16	1770467755.704525
$GPGSV,4,1,15,05,37,094,44,11,16,042,25,12,34,124,36,18,42,221,44*7A	1770467755.704575
$GPGSV,4,2,15,21,22,063,28,23,01,184,,25,77,119,39,26,10,315,28*76	1770467755.808632
$GPGSV,4,3,15,28,35,280,41,29,61,345,36,31,19,309,24,36,50,201,40*73	1770467755.912595
$GPGSV,4,4,15,40,45,147,32,41,27,116,,49,40,227,43*44	1770467755.912647
$GLGSV,2,1,08,67,00,045,,73,70,166,36,74,56,326,29,75,05,330,21*61	1770467756.016557
$GLGSV,2,2,08,80,14,152,23,83,40,025,33,84,66,286,30,85,24,240,40*65	1770467756.120501
$GNGLL,3252.78653,N,03516.12152,E,123540.00,A,A*7B	1770467756.120588
$GNRMC,123541.00,A,3252.78717,N,03516.12209,E,2.514,49.85,070226,,,A*42	1770467756.432522
$GNVTG,49.85,T,,M,2.514,N,4.657,K,A*11	1770467756.432613
$GNGGA,123541.00,3252.78717,N,03516.12209,E,1,12,0.79,259.8,M,18.9,M,,*48	1770467756.536527
$GNGSA,A,3,18,25,28,29,12,05,21,11,26,,,,1.38,0.79,1.13*15	1770467756.640604
$GNGSA,A,3,73,84,83,74,85,,,,,,,,1.38,0.79,1.13*16	1770467756.640953
$GPGSV,4,1,15,05,37,094,33,11,16,042,24,12,34,124,29,18,42,221,41*70	1770467756.744529
$GPGSV,4,2,15,21,22,063,29,23,01,184,,25,77,119,34,26,10,315,26*74	1770467756.848584
$GPGSV,4,3,15,28,35,280,42,29,61,345,29,31,19,309,25,36,50,201,44*7B	1770467756.848637
$GPGSV,4,4,15,40,45,147,32,41,27,116,,49,40,227,43*44	1770467756.952591
$GLGSV,2,1,08,67,00,045,,73,70,166,37,74,56,326,22,75,05,330,22*68	1770467756.952644
$GLGSV,2,2,08,80,14,152,25,83,40,025,30,84,66,286,38,85,24,240,42*6A	1770467757.056592
$GNGLL,3252.78717,N,03516.12209,E,123541.00,A,A*76	1770467757.160793
$GNRMC,123542.00,A,3252.78751,N,03516.12304,E,3.406,66.09,070226,,,A*45	1770467757.368535
$GNVTG,66.09,T,,M,3.406,N,6.308,K,A*16	1770467757.472564
$GNGGA,123542.00,3252.78751,N,03516.12304,E,1,12,0.76,260.0,M,18.9,M,,*48	1770467757.576573
$GNGSA,A,3,18,25,28,29,12,05,21,11,31,26,,,1.35,0.76,1.11*17	1770467757.576627
$GNGSA,A,3,73,84,83,74,85,,,,,,,,1.35,0.76,1.11*16	1770467757.680550
$GPGSV,4,1,15,05,37,094,36,11,16,042,34,12,34,124,33,18,42,221,29*71	1770467757.784531
$GPGSV,4,2,15,21,22,063,38,23,01,184,,25,77,119,42,26,10,315,32*70	1770467757.784584
$GPGSV,4,3,15,28,35,280,45,29,61,345,36,31,19,309,36,36,50,201,29*7B	1770467757.888640
$GPGSV,4,4,15,40,45,147,,41,27,116,,49,40,227,29*49	1770467757.888693
$GLGSV,2,1,08,67,00,045,,73,70,166,32,74,56,326,29,75,05,330,22*66	1770467757.992653
$GLGSV,2,2,08,80,14,152,23,83,40,025,36,84,66,286,35,85,24,240,35*67	1770467758.096578
$GNGLL,3252.78751,N,03516.12304,E,123542.00,A,A*7B	1770467758.096632
$GNRMC,123543.00,A,3252.78769,N,03516.12421,E,3.561,72.15,070226,,,A*47	1770467758.408557
$GNVTG,72.15,T,,M,3.561,N,6.595,K,A*1C	1770467758.408609
$GNGGA,123543.00,3252.78769,N,03516.12421,E,1,12,0.76,260.4,M,18.9,M,,*46	1770467758.512627
$GNGSA,A,3,18,25,28,29,12,05,21,11,31,26,,,1.35,0.76,1.11*17	1770467758.616566
$GNGSA,A,3,73,84,83,74,85,,,,,,,,1.35,0.76,1.11*16	1770467758.616617
$GPGSV,4,1,15,05,37,094,36,11,16,042,30,12,34,124,32,18,42,221,33*7F	1770467758.720569
$GPGSV,4,2,15,21,22,063,27,23,01,184,,25,77,119,42,26,10,315,32*7E	1770467758.824578
$GPGSV,4,3,15,28,35,280,41,29,61,345,37,31,19,309,40,36,50,201,29*7F	1770467758.824629
$GPGSV,4,4,15,40,45,147,,41,27,116,,49,40,227,32*43	1770467758.928554
$GLGSV,2,1,08,67,00,045,,73,70,166,30,74,56,326,25,75,05,330,21*6B	1770467759.032960
$GLGSV,2,2,08,80,14,152,22,83,40,025,29,84,66,286,35,85,24,240,33*6E	1770467759.033015
$GNGLL,3252.78769,N,03516.12421,E,123543.00,A,A*71	1770467759.136499
$GNRMC,123544.00,A,3252.78777,N,03516.12550,E,3.755,83.53,070226,,,A*41	1770467759.448509
$GNVTG,83.53,T,,M,3.755,N,6.954,K,A*14	1770467759.448565
$GNGGA,123544.00,3252.78777,N,03516.12550,E,1,12,0.76,260.4,M,18.9,M,,*49	1770467759.552521
$GNGSA,A,3,18,25,28,29,12,05,21,11,31,26,,,1.35,0.76,1.11*17	1770467759.656552
$GNGSA,A,3,73,84,83,74,85,,,,,,,,1.35,0.76,1.11*16	1770467759.656604
$GPGSV,4,1,15,05,37,094,36,11,16,042,33,12,34,124,42,18,42,221,40*7F	1770467759.760517
$GPGSV,4,2,15,21,22,063,27,23,01,184,,25,77,119,39,26,10,315,25*74	1770467759.760567
$GPGSV,4,3,15,28,35,280,42,29,61,345,41,31,19,309,29,36,50,201,42*7F	1770467759.864543
$GPGSV,4,4,15,40,45,147,,41,27,116,,49,40,227,41*47	1770467759.968535
$GLGSV,2,1,08,67,00,045,,73,70,166,35,74,56,326,25,75,05,330,18*64	1770467759.968589
$GLGSV,2,2,08,80,14,152,30,83,40,025,32,84,66,286,34,85,24,240,30*65	1770467760.072572
$GNGLL,3252.78777,N,03516.12550,E,123544.00,A,A*7E	1770467760.072623
$GNRMC,123545.00,A,3252.78793,N,03516.12680,E,3.796,80.14,070226,,,A*4B	1770467760.384530
$GNVTG,80.14,T,,M,3.796,N,7.029,K,A*19	1770467760.488615
$GNGGA,123545.00,3252.78793,N,03516.12680,E,1,12,0.76,260.1,M,18.9,M,,*49	1770467760.488670
$GNGSA,A,3,18,25,28,29,12,05,21,11,31,26,,,1.35,0.76,1.11*17	1770467760.592551
$GNGSA,A,3,73,84,83,74,85,,,,,,,,1.35,0.76,1.11*16	1770467760.696571
$GPGSV,4,1,15,05,37,094,37,11,16,042,28,12,34,124,40,18,42,221,43*75	1770467760.696622
$GPGSV,4,2,15,21,22,063,32,23,01,184,,25,77,119,39,26,10,315,26*73	1770467760.800551
$GPGSV,4,3,15,28,35,280,34,29,61,345,37,31,19,309,36,36,50,201,39*7D	1770467760.904534
$GPGSV,4,4,15,40,45,147,,41,27,116,,49,40,227,44*42	1770467760.904621
$GLGSV,2,1,08,67,00,045,,73,69,166,35,74,56,326,32,75,05,330,16*64	1770467761.008557
$GLGSV,2,2,08,80,14,152,23,83,40,025,32,84,66,286,37,85,24,240,42*61	1770467761.112538
$GNGLL,3252.78793,N,03516.12680,E,123545.00,A,A*7B	1770467761.112590
$GNRMC,123546.00,A,3252.78799,N,03516.12810,E,3.850,87.30,070226,,,A*41	1770467761.424540
$GNVTG,87.30,T,,M,3.850,N,7.131,K,A*15	1770467761.424595
$GNGGA,123546.00,3252.78799,N,03516.12810,E,1,12,0.76,260.1,M,18.9,M,,*47	1770467761.528568
$GNGSA,A,3,18,25,28,29,12,05,21,11,31,26,,,1.35,0.76,1.11*17	1770467761.632580
$GNGSA,A,3,73,84,83,74,85,,,,,,,,1.35,0.76,1.11*16	1770467761.632634
$GPGSV,4,1,15,05,37,094,41,11,16,042,27,12,34,124,43,18,42,221,44*7F	1770467761.736851
$GPGSV,4,2,15,21,22,063,27,23,01,184,,25,77,119,39,26,10,315,26*77	1770467761.840583
$GPGSV,4,3,15,28,35,280,26,29,61,345,39,31,19,309,40,36,50,201,40*7F	1770467761.840636
$GPGSV,4,4,15,40,45,147,,41,27,116,,49,40,227,43*45	1770467761.944531
$GLGSV,2,1,08,67,00,045,,73,69,166,38,74,56,325,25,75,05,330,17*6D	1770467762.048630
$GLGSV,2,2,08,80,14,152,22,83,40,025,32,84,66,286,35,85,24,240,39*6E	1770467762.048686
$GNGLL,3252.78799,N,03516.12810,E,123546.00,A,A*75	1770467762.152573
$GNRMC,123547.00,A,3252.78799,N,03516.12942,E,3.852,89.04,070226,,,A*4D	1770467762.464530
$GNVTG,89.04,T,,M,3.852,N,7.134,K,A*1B	1770467762.464582
$GNGGA,123547.00,3252.78799,N,03516.12942,E,1,12,0.76,259.9,M,18.9,M,,*42	1770467762.568654
$GNGSA,A,3,18,25,28,29,12,05,21,11,31,26,,,1.35,0.76,1.11*17	1770467762.568705
$GNGSA,A,3,73,84,83,74,85,,,,,,,,1.35,0.76,1.11*16	1770467762.672536
$GPGSV,4,1,15,05,37,094,41,11,16,042,27,12,34,124,43,18,42,221,43*78	1770467762.776528
$GPGSV,4,2,15,21,22,063,32,23,01,184,,25,77,119,40,26,10,315,27*7C	1770467762.776577
$GPGSV,4,3,15,28,35,280,34,29,61,345,40,31,19,309,39,36,50,201,41*7D	1770467762.880589
$GPGSV,4,4,15,40,45,147,,41,27,116,,49,40,227,42*44	1770467762.880642
$GLGSV,2,1,08,67,00,045,,73,69,166,37,74,56,325,27,75,06,330,19*6D	1770467762.985483
$GLGSV,2,2,08,80,14,152,21,83,40,025,29,84,66,286,37,85,24,240,39*65	1770467763.088531
$GNGLL,3252.78799,N,03516.12942,E,123547.00,A,A*72	1770467763.088583
$GNRMC,123548.00,A,3252.78800,N,03516.13074,E,3.873,89.06,070226,,,A*41	1770467763.400588
$GNVTG,89.06,T,,M,3.873,N,7.173,K,A*19	1770467763.504557
$GNGGA,123548.00,3252.78800,N,03516.13074,E,1,12,0.76,259.8,M,18.9,M,,*4E	1770467763.504605
$GNGSA,A,3,18,25,28,29,12,05,21,11,31,26,,,1.35,0.76,1.11*17	1770467763.608514
$GNGSA,A,3,73,84,83,74,85,,,,,,,,1.35,0.76,1.11*16	1770467763.608567
$GPGSV,4,1,15,05,37,094,38,11,16,042,26,12,34,124,41,18,42,221,44*72	1770467763.712632
$GPGSV,4,2,15,21,22,063,27,23,01,184,,25,77,119,40,26,10,315,28*77	1770467763.816527
$GPGSV,4,3,15,28,35,280,36,29,61,345,39,31,19,309,40,36,50,201,42*7C	1770467763.920813
$GPGSV,4,4,15,40,45,147,,41,27,116,,49,40,227,44*42	1770467763.920865
$GLGSV,2,1,08,67,00,045,,73,69,166,37,74,56,325,27,75,06,330,19*6D	1770467764.024547
$GLGSV,2,2,08,80,14,152,22,83,40,025,30,84,66,286,38,85,24,240,44*6B	1770467764.024599
$GNGLL,3252.78800,N,03516.13074,E,123548.00,A,A*7F	1770467764.128527
$GNRMC,123549.00,A,3252.78805,N,03516.13204,E,3.796,88.90,070226,,,A*4A	1770467764.440536
$GNVTG,88.90,T,,M,3.796,N,7.029,K,A*1D	1770467764.440589
$GNGGA,123549.00,3252.78805,N,03516.13204,E,1,12,0.76,259.8,M,18.9,M,,*4F	1770467764.544511
$GNGSA,A,3,18,25,28,29,12,05,21,11,31,26,,,1.35,0.76,1.11*17	1770467764.648571
$GNGSA,A,3,73,84,83,74,85,,,,,,,,1.35,0.76,1.11*16	1770467764.648625
$GPGSV,4,1,15,05,37,094,39,11,16,042,27,12,34,124,38,18,42,221,45*7D	1770467764.752585
$GPGSV,4,2,15,21,22,063,25,23,01,184,,25,77,119,40,26,10,315,28*75	1770467764.752638
$GPGSV,4,3,15,28,35,280,38,29,61,345,39,31,19,309,39,36,50,201,42*7C	1770467764.856567
$GPGSV,4,4,15,40,45,147,40,41,27,116,,49,40,227,43*41	1770467764.960589
$GLGSV,2,1,08,67,00,045,,73,69,166,37,74,56,325,28,75,06,330,22*6A	1770467764.960641
$GLGSV,2,2,08,80,14,152,22,83,40,025,29,84,66,286,37,85,24,240,37*68	1770467765.064561
$GNGLL,3252.78805,N,03516.13204,E,123549.00,A,A*7E	1770467765.168531
$GNRMC,123550.00,A,3252.78808,N,03516.13328,E,3.632,89.43,070226,,,A*40	1770467765.376585
$GNVTG,89.43,T,,M,3.632,N,6.727,K,A*15	1770467765.480545
$GNGGA,123550.00,3252.78808,N,03516.13328,E,1,12,0.76,259.8,M,18.9,M,,*45	1770467765.584525
$GNGSA,A,3,18,25,28,29,12,05,21,11,31,26,,,1.35,0.76,1.11*17	1770467765.584614
$GNGSA,A,3,73,84,83,74,85,,,,,,,,1.35,0.76,1.11*16	1770467765.688573
$GPGSV,4,1,15,05,37,094,38,11,16,042,28,12,34,124,31,18,42,221,43*7C	1770467765.688626
$GPGSV,4,2,15,21,22,063,31,23,01,184,,25,77,119,39,26,10,315,27*71	1770467765.792564
$GPGSV,4,3,15,28,35,280,34,29,61,345,39,31,19,309,39,36,50,201,40*72	1770467765.896567
$GPGSV,4,4,15,40,45,147,36,41,27,116,,49,40,227,44*47	1770467765.896623
$GLGSV,2,1,08,67,00,045,,73,69,166,34,74,56,325,29,75,06,330,21*6B	1770467766.000571
$GLGSV,2,2,08,80,14,152,23,83,40,025,28,84,66,286,38,85,24,240,42*65	1770467766.104516
$GNGLL,3252.78808,N,03516.13328,E,123550.00,A,A*74	1770467766.104565
$GNRMC,123551.00,A,3252.78807,N,03516.13456,E,3.870,91.31,070226,,,A*44	1770467766.416550
$GNVTG,91.31,T,,M,3.870,N,7.168,K,A*1D	1770467766.416601
$GNGGA,123551.00,3252.78807,N,03516.13456,E,1,12,0.76,259.7,M,18.9,M,,*4A	1770467766.520613
$GNGSA,A,3,18,25,28,29,12,05,21,11,31,26,,,1.35,0.76,1.11*17	1770467766.624539
$GNGSA,A,3,73,84,83,74,85,,,,,,,,1.35,0.76,1.11*16	1770467766.624591
$GPGSV,4,1,15,05,37,094,39,11,16,042,28,12,34,124,31,18,42,221,43*7D	1770467766.728559
$GPGSV,4,2,15,21,22,063,31,23,01,184,,25,77,119,39,26,10,315,28*7E	1770467766.832584
$GPGSV,4,3,15,28,35,280,40,29,61,345,38,31,19,309,37,36,50,201,38*71	1770467766.832639
$GPGSV,4,4,15,40,45,147,38,41,27,116,,49,40,227,41*4C	1770467766.936527
$GLGSV,2,1,08,67,00,045,,73,69,166,36,74,56,325,29,75,06,330,22*6A	1770467767.040539
$GLGSV,2,2,08,80,14,152,23,83,40,025,28,84,66,286,38,85,24,240,44*63	1770467767.040590
$GNGLL,3252.78807,N,03516.13456,E,123551.00,A,A*74	1770467767.144483
$GNRMC,123552.00,A,3252.78811,N,03516.13582,E,3.751,89.73,070226,,,A*4B	1770467767.456566
$GNVTG,89.73,T,,M,3.751,N,6.947,K,A*1A	1770467767.456617
$GNGGA,123552.00,3252.78811,N,03516.13582,E,1,12,0.76,260.0,M,18.9,M,,*4B	1770467767.560552
$GNGSA,A,3,18,25,28,29,12,05,21,11,31,26,,,1.35,0.76,1.11*17	1770467767.560602
$GNGSA,A,3,73,84,83,74,85,,,,,,,,1.35,0.76,1.11*16	1770467767.664528
$GPGSV,4,1,15,05,37,094,40,11,16,042,26,12,34,124,31,18,42,221,46*78	1770467767.768900
$GPGSV,4,2,15,21,22,063,26,23,01,184,,25,77,119,37,26,10,315,28*76	1770467767.768961
$GPGSV,4,3,15,28,35,280,37,29,61,345,39,31,19,309,35,36,50,201,40*7D	1770467767.872763
$GPGSV,4,4,15,40,45,147,36,41,27,116,,49,40,227,41*42	1770467767.978195
$GLGSV,2,1,08,67,00,045,,73,69,166,37,74,56,325,29,75,06,330,21*68	1770467767.978260
$GLGSV,2,2,08,80,14,152,23,83,40,025,28,84,66,286,39,85,24,240,45*63	1770467768.080563
$GNGLL,3252.78811,N,03516.13582,E,123552.00,A,A*78	1770467768.080614
$GNRMC,123553.00,A,3252.78821,N,03516.13700,E,3.496,87.27,070226,,,A*46	1770467768.392532
$GNVTG,87.27,T,,M,3.496,N,6.475,K,A*11	1770467768.496553
$GNGGA,123553.00,3252.78821,N,03516.13700,E,1,12,0.76,260.1,M,18.9,M,,*40	1770467768.496605
$GNGSA,A,3,18,25,28,29,12,05,21,11,31,26,,,1.35,0.76,1.11*17	1770467768.600579
$GNGSA,A,3,73,84,83,74,85,,,,,,,,1.35,0.76,1.11*16	1770467768.704619
$GPGSV,4,1,15,05,37,094,41,11,16,042,26,12,34,124,38,18,42,221,44*72	1770467768.704703
$GPGSV,4,2,15,21,22,063,27,23,01,184,,25,77,119,40,26,10,315,28*77	1770467768.808528
$GPGSV,4,3,15,28,35,280,41,29,61,345,40,31,19,309,36,36,50,201,41*70	1770467768.912572
$GPGSV,4,4,15,40,45,147,30,41,27,116,,49,40,227,41*44	1770467768.912628
$GLGSV,2,1,08,67,00,045,,73,69,166,37,74,56,325,29,75,06,330,21*68	1770467769.016558
$GLGSV,2,2,08,80,14,152,21,83,40,025,27,84,66,286,39,85,24,240,44*6F	1770467769.120546
$GNGLL,3252.78821,N,03516.13700,E,123553.00,A,A*72	1770467769.120597
$GNRMC,123554.00,A,3252.78826,N,03516.13826,E,3.660,87.74,070226,,,A*40	1770467769.432619
$GNVTG,87.74,T,,M,3.660,N,6.778,K,A*12	1770467769.432672
$GNGGA,123554.00,3252.78826,N,03516.13826,E,1,12,0.76,259.8,M,18.9,M,,*48	1770467769.536539
$GNGSA,A,3,18,25,28,29,12,05,21,11,31,26,,,1.35,0.76,1.11*17	1770467769.640578
$GNGSA,A,3,73,84,83,74,85,,,,,,,,1.35,0.76,1.11*16	1770467769.640631
$GPGSV,4,1,15,05,37,094,41,11,16,042,25,12,34,124,40,18,42,221,43*79	1770467769.744530
$GPGSV,4,2,15,21,22,063,27,23,01,184,,25,77,119,40,26,10,315,27*78	1770467769.848563
$GPGSV,4,3,15,28,35,280,41,29,61,345,40,31,19,309,41,36,50,201,41*70	1770467769.848615
$GPGSV,4,4,15,40,45,147,29,41,27,116,,49,40,227,42*4F	1770467769.952646
$GLGSV,2,1,08,67,00,045,,73,69,166,36,74,56,325,29,75,06,330,20*68	1770467769.952697
$GLGSV,2,2,08,80,14,152,21,83,40,025,27,84,66,286,38,85,24,240,42*68	1770467770.056519
$GNGLL,3252.78826,N,03516.13826,E,123554.00,A,A*79	1770467770.160502
$GNRMC,123555.00,A,3252.78844,N,03516.13949,E,3.661,81.82,070226,,,A*43	1770467770.368608
$GNVTG,81.82,T,,M,3.661,N,6.780,K,A*1B	1770467770.472528
$GNGGA,123555.00,3252.78844,N,03516.13949,E,1,12,0.76,259.9,M,18.9,M,,*44	1770467770.576550
$GNGSA,A,3,18,25,28,29,12,05,21,11,31,26,,,1.35,0.76,1.11*17	1770467770.576600
$GNGSA,A,3,73,84,83,74,85,,,,,,,,1.35,0.76,1.11*16	1770467770.680760
$GPGSV,4,1,15,05,37,094,42,11,16,042,25,12,34,124,39,18,42,221,44*73	1770467770.680817
$GPGSV,4,2,15,21,22,063,27,23,01,184,,25,77,119,40,26,10,315,25*7A	1770467770.784532
$GPGSV,4,3,15,28,35,280,42,29,61,345,38,31,19,309,33,36,50,201,42*7A	1770467770.888625
$GPGSV,4,4,15,40,45,147,29,41,27,116,,49,40,227,42*4F	1770467770.888680
$GLGSV,2,1,08,67,00,045,,73,69,166,35,74,56,325,28,75,06,330,20*6A	1770467770.992786
$GLGSV,2,2,08,80,14,152,20,83,40,026,27,84,66,286,37,85,24,240,38*68	1770467771.097409
$GNGLL,3252.78844,N,03516.13949,E,123555.00,A,A*74	1770467771.097451
$GNRMC,123556.00,A,3252.78861,N,03516.14060,E,3.116,81.49,070226,,,A*42	1770467771.409182
$GNVTG,81.49,T,,M,3.116,N,5.770,K,A*17	1770467771.409226
$GNGGA,123556.00,3252.78861,N,03516.14060,E,1,12,0.76,259.7,M,18.9,M,,*4B	1770467771.513392
$GNGSA,A,3,18,25,28,29,12,05,21,11,31,26,,,1.35,0.76,1.11*17	1770467771.617178
$GNGSA,A,3,73,84,83,74,85,,,,,,,,1.35,0.76,1.11*16	1770467771.617222
$GPGSV,4,1,15,05,37,094,38,11,16,042,26,12,34,124,36,18,42,221,39*78	1770467771.721202
$GPGSV,4,2,15,21,22,063,29,23,01,184,,25,77,119,35,26,10,315,31*73	1770467771.825848
$GPGSV,4,3,15,28,35,280,44,29,61,345,38,31,19,309,34,36,50,201,41*78	1770467771.825899
$GPGSV,4,4,15,40,45,147,36,41,27,116,,49,40,227,39*4D	1770467771.929809
$GLGSV,2,1,08,67,00,045,,73,69,166,35,74,56,325,29,75,06,330,20*6B	1770467772.033874
$GLGSV,2,2,08,80,14,152,21,83,40,026,27,84,66,287,42,85,24,240,38*6A	1770467772.033929
$GNGLL,3252.78861,N,03516.14060,E,123556.00,A,A*75	1770467772.137819
$GNRMC,123557.00,A,3252.78847,N,03516.14163,E,3.187,97.21,070226,,,A*44	1770467772.449819
$GNVTG,97.21,T,,M,3.187,N,5.902,K,A*1D	1770467772.449871
$GNGGA,123557.00,3252.78847,N,03516.14163,E,1,12,0.76,260.4,M,18.9,M,,*45	1770467772.553838
$GNGSA,A,3,18,25,28,29,12,05,21,11,31,26,,,1.35,0.76,1.11*17	1770467772.553932
$GNGSA,A,3,73,84,83,74,85,,,,,,,,1.35,0.76,1.11*16	1770467772.657841
$GPGSV,4,1,15,05,37,094,33,11,16,042,25,12,34,124,37,18,42,221,40*7F	1770467772.762104
$GPGSV,4,2,15,21,22,063,33,23,01,184,,25,77,119,39,26,10,315,26*72	1770467772.762191
$GPGSV,4,3,15,28,35,280,44,29,61,345,38,31,19,309,33,36,50,201,35*7C	1770467772.865833
$GPGSV,4,4,15,40,45,147,35,41,27,116,,49,40,227,37*40	1770467772.970178
$GLGSV,2,1,08,67,00,045,,73,69,166,36,74,56,325,29,75,06,330,22*6A	1770467772.970237
$GLGSV,2,2,08,80,14,152,21,83,40,026,39,84,66,287,38,85,24,241,35*64	1770467773.073833
$GNGLL,3252.78847,N,03516.14163,E,123557.00,A,A*72	1770467773.177784
$GNRMC,123558.00,A,3252.78830,N,03516.14282,E,3.714,98.17,070226,,,A*41	1770467773.385828
$GNVTG,98.17,T,,M,3.714,N,6.878,K,A*14	1770467773.489810
$GNGGA,123558.00,3252.78830,N,03516.14282,E,1,12,0.76,260.5,M,18.9,M,,*47	1770467773.489860
$GNGSA,A,3,18,25,28,29,12,05,21,11,31,26,,,1.35,0.76,1.11*17	1770467773.594176
$GNGSA,A,3,73,84,83,74,85,,,,,,,,1.35,0.76,1.11*16	1770467773.697867
$GPGSV,4,1,15,05,37,094,33,11,16,042,25,12,34,124,38,18,42,221,39*7E	1770467773.698135
$GPGSV,4,2,15,21,22,063,28,23,01,184,,25,77,119,37,26,10,315,31*70	1770467773.801878
$GPGSV,4,3,15,28,35,280,45,29,61,345,39,31,19,309,33,36,50,201,33*7A	1770467773.905874
$GPGSV,4,4,15,40,45,147,35,41,27,116,,49,40,227,37*40	1770467773.905928
$GLGSV,2,1,08,67,00,045,,73,69,166,38,74,56,325,29,75,06,330,22*64	1770467774.009832
$GLGSV,2,2,08,80,14,152,20,83,40,026,30,84,66,287,41,85,24,241,39*6E	1770467774.113823
$GNGLL,3252.78830,N,03516.14282,E,123558.00,A,A*71	1770467774.113877
$GNRMC,123559.00,A,3252.78819,N,03516.14397,E,3.391,98.23,070226,,,A*40	1770467774.425807
$GNVTG,98.23,T,,M,3.391,N,6.280,K,A*17	1770467774.425859
$GNGGA,123559.00,3252.78819,N,03516.14397,E,1,12,0.76,260.7,M,18.9,M,,*4A	1770467774.529804
$GNGSA,A,3,18,25,28,29,12,05,21,11,31,26,,,1.35,0.76,1.11*17	1770467774.633831
$GNGSA,A,3,73,84,83,74,85,,,,,,,,1.35,0.76,1.11*16	1770467774.633884
$GPGSV,4,1,15,05,37,094,32,11,16,042,24,12,34,124,37,18,42,221,30*78	1770467774.737776
$GPGSV,4,2,15,21,22,063,33,23,01,184,,25,77,119,39,26,10,315,25*71	1770467774.842449
$GPGSV,4,3,15,28,35,280,42,29,61,345,35,31,19,309,27,36,50,201,33*74	1770467774.842515
$GPGSV,4,4,15,40,45,147,35,41,27,116,,49,40,227,35*42	1770467774.945872
$GLGSV,2,1,08,67,00,045,,73,69,166,38,74,56,325,29,75,06,330,21*67	1770467775.049817
$GLGSV,2,2,08,80,14,152,22,83,40,026,34,84,66,287,36,85,24,241,44*62	1770467775.049870
$GNGLL,3252.78819,N,03516.14397,E,123559.00,A,A*7E	1770467775.153786
$GNRMC,123600.00,A,3252.78810,N,03516.14516,E,3.480,96.45,070226,,,A*40	1770467775.465860
$GNVTG,96.45,T,,M,3.480,N,6.445,K,A*11	1770467775.465912
$GNGGA,123600.00,3252.78810,N,03516.14516,E,1,12,0.76,260.7,M,18.9,M,,*43	1770467775.569824
$GNGSA,A,3,18,25,28,29,12,05,21,11,31,26,,,1.35,0.76,1.11*17	1770467775.569874
$GNGSA,A,3,73,84,83,74,85,,,,,,,,1.35,0.76,1.11*16	1770467775.673899
$GPGSV,4,1,15,05,37,094,36,11,16,042,25,12,34,124,39,18,42,221,36*75	1770467775.777833
$GPGSV,4,2,15,21,22,063,34,23,01,184,,25,77,119,37,26,10,315,25*78	1770467775.777886
$GPGSV,4,3,15,28,35,280,40,29,61,345,40,31,19,309,34,36,50,201,34*71	1770467775.881884
$GPGSV,4,4,15,40,45,147,37,41,27,116,,49,40,227,30*45	1770467775.881938
$GLGSV,2,1,08,67,00,045,,73,69,166,36,74,56,325,28,75,06,330,22*6B	1770467775.986139
$GLGSV,2,2,08,80,14,152,22,83,40,026,31,84,66,287,40,85,24,241,43*61	1770467776.089797
$GNGLL,3252.78810,N,03516.14516,E,123600.00,A,A*77	1770467776.089885
$GNRMC,123601.00,A,3252.78822,N,03516.14644,E,3.859,87.93,070226,,,A*47	1770467776.401916
$GNVTG,87.93,T,,M,3.859,N,7.148,K,A*1B	1770467776.505862
$GNGGA,123601.00,3252.78822,N,03516.14644,E,1,12,0.76,260.3,M,18.9,M,,*43	1770467776.505913
$GNGSA,A,3,18,25,28,29,12,05,21,11,31,26,,,1.35,0.76,1.11*17	1770467776.609836
$GNGSA,A,3,73,84,83,74,85,,,,,,,,1.35,0.76,1.11*16	1770467776.609887
$GPGSV,4,1,15,05,37,094,36,11,16,042,26,12,34,124,41,18,42,221,38*77	1770467776.713809
$GPGSV,4,2,15,21,22,063,30,23,01,184,,25,77,119,40,26,10,315,26*7F	1770467776.817861
$GPGSV,4,3,15,28,35,280,31,29,61,345,39,31,19,309,38,36,50,201,35*74	1770467776.921865
$GPGSV,4,4,15,40,45,147,35,41,27,116,,49,40,227,37*40	1770467776.921919
$GLGSV,2,1,08,67,00,045,,73,69,166,35,74,56,325,28,75,06,330,22*68	1770467777.025862
$GLGSV,2,2,08,80,14,152,25,83,40,026,33,84,66,287,38,85,24,241,42*6A	1770467777.025917
$GNGLL,3252.78822,N,03516.14644,E,123601.00,A,A*73	1770467777.129819
$GNRMC,123602.00,A,3252.78815,N,03516.14756,E,3.285,92.42,070226,,,A*41	1770467777.441916
$GNVTG,92.42,T,,M,3.285,N,6.083,K,A*1F	1770467777.441971
$GNGGA,123602.00,3252.78815,N,03516.14756,E,1,12,0.79,260.6,M,18.9,M,,*4C	1770467777.545868
$GNGSA,A,3,18,25,28,29,12,05,21,11,31,26,,,1.42,0.79,1.18*11	1770467777.649812
$GNGSA,A,3,73,84,83,74,85,,,,,,,,1.42,0.79,1.18*10	1770467777.649862
$GPGSV,4,1,15,05,37,094,33,11,16,042,26,12,34,124,41,18,42,221,38*72	1770467777.753872
$GPGSV,4,2,15,21,22,063,30,23,01,184,,25,77,119,40,26,10,315,30*78	1770467777.753960
$GPGSV,4,3,15,28,35,280,44,29,61,345,38,31,19,309,33,36,50,201,40*7E	1770467777.858580
$GPGSV,4,4,15,40,45,147,37,41,27,116,,49,40,227,30*45	1770467777.970044
$GLGSV,2,1,08,67,00,045,,73,69,166,38,74,56,325,29,75,06,330,22*64	1770467777.970137
$GLGSV,2,2,08,80,14,152,25,83,40,026,34,84,66,287,39,85,24,241,34*6D	1770467778.073844
$GNGLL,3252.78815,N,03516.14756,E,123602.00,A,A*76	1770467778.177842
$GNRMC,123603.00,A,3252.78822,N,03516.14871,E,3.414,86.09,070226,,,A*4A	1770467778.385861
$GNVTG,86.09,T,,M,3.414,N,6.323,K,A*12	1770467778.489911
$GNGGA,123603.00,3252.78822,N,03516.14871,E,1,12,0.76,260.7,M,18.9,M,,*4D	1770467778.489961
$GNGSA,A,3,18,25,28,29,12,05,21,11,31,26,,,1.35,0.76,1.11*17	1770467778.593846
$GNGSA,A,3,73,84,83,74,85,,,,,,,,1.35,0.76,1.11*16	1770467778.698122
$GPGSV,4,1,15,05,37,094,38,11,16,042,25,12,34,124,42,18,42,221,36*77	1770467778.698178
$GPGSV,4,2,15,21,22,063,29,23,01,184,,25,77,119,40,26,10,315,23*72	1770467778.801919
$GPGSV,4,3,15,28,35,280,45,29,61,345,41,31,19,309,31,36,50,201,40*73	1770467778.906014
$GPGSV,4,4,15,40,45,147,39,41,27,116,,49,40,227,36*4D	1770467778.906064
$GLGSV,2,1,08,67,00,045,,73,69,166,35,74,56,325,29,75,06,330,21*6A	1770467779.009861
$GLGSV,2,2,08,80,14,152,25,83,40,026,30,84,66,287,40,85,24,241,25*67	1770467779.113963
$GNGLL,3252.78822,N,03516.14871,E,123603.00,A,A*79	1770467779.114014
$GNRMC,123604.00,A,3252.78845,N,03516.14982,E,3.359,80.60,070226,,,A*46	1770467779.425872
$GNVTG,80.60,T,,M,3.359,N,6.222,K,A*15	1770467779.425924
$GNGGA,123604.00,3252.78845,N,03516.14982,E,1,12,0.76,260.8,M,18.9,M,,*49	1770467779.529839
$GNGSA,A,3,18,25,28,29,12,05,21,11,31,26,,,1.35,0.76,1.11*17	1770467779.633857
$GNGSA,A,3,73,84,83,74,85,,,,,,,,1.35,0.76,1.11*16	1770467779.633908
$GPGSV,4,1,15,05,37,094,40,11,16,042,27,12,34,124,43,18,42,221,40*7A	1770467779.737915
$GPGSV,4,2,15,21,22,063,33,23,01,184,,25,77,119,41,26,10,315,25*7E	1770467779.841893
$GPGSV,4,3,15,28,35,280,46,29,61,345,40,31,19,309,31,36,50,201,43*72	1770467779.841947
$GPGSV,4,4,15,40,45,147,37,41,27,116,,49,40,227,39*4C	1770467779.945936
$GLGSV,2,1,08,67,00,045,,73,69,166,35,74,56,325,25,75,06,330,21*66	1770467779.945987
$GLGSV,2,2,08,80,14,152,26,83,40,026,26,84,66,287,37,85,24,241,34*63	1770467780.052891
$GNGLL,3252.78845,N,03516.14982,E,123604.00,A,A*72	1770467780.156898
$GNRMC,123605.00,A,3252.78858,N,03516.15094,E,3.275,83.25,070226,,,A*49	1770467780.364893
$GNVTG,83.25,T,,M,3.275,N,6.065,K,A*19	1770467780.469004
$GNGGA,123605.00,3252.78858,N,03516.15094,E,1,12,0.76,261.0,M,18.9,M,,*42	1770467780.572922
$GNGSA,A,3,18,25,28,29,12,05,21,11,31,26,,,1.35,0.76,1.11*17	1770467780.572975
$GNGSA,A,3,73,84,83,74,85,,,,,,,,1.35,0.76,1.11*16	1770467780.676867
$GPGSV,4,1,15,05,37,093,40,11,16,042,27,12,34,124,45,18,42,221,42*79	1770467780.780919
$GPGSV,4,2,15,21,22,063,35,23,01,184,,25,77,119,41,26,10,315,25*78	1770467780.780969
$GPGSV,4,3,15,28,35,280,47,29,61,345,40,31,19,309,35,36,50,201,43*77	1770467780.885065
$GPGSV,4,4,15,40,45,147,39,41,27,116,,49,40,227,41*4D	1770467780.885116
$GLGSV,2,1,08,67,00,045,,73,69,166,39,74,56,325,27,75,06,330,20*69	1770467780.989456
$GLGSV,2,2,08,80,14,152,25,83,40,026,33,84,66,287,38,85,24,241,34*6B	1770467781.092892
$GNGLL,3252.78858,N,03516.15094,E,123605.00,A,A*70	1770467781.092944
$GNRMC,123606.00,A,3252.78864,N,03516.15211,E,3.541,84.89,070226,,,A*4B	1770467781.404972
$GNVTG,84.89,T,,M,3.541,N,6.559,K,A*12	1770467781.405025
$GNGGA,123606.00,3252.78864,N,03516.15211,E,1,12,0.76,260.8,M,18.9,M,,*48	1770467781.508873
$GNGSA,A,3,18,25,28,29,12,05,21,11,31,26,,,1.35,0.76,1.11*17	1770467781.612946
$GNGSA,A,3,73,84,83,74,85,,,,,,,,1.35,0.76,1.11*16	1770467781.613000
$GPGSV,4,1,15,05,37,093,37,11,16,042,26,12,34,124,42,18,42,221,39*73	1770467781.716913
$GPGSV,4,2,15,21,22,063,32,23,01,184,,25,77,119,41,26,10,315,26*7C	1770467781.820869
$GPGSV,4,3,15,28,35,280,46,29,61,345,42,31,19,309,43,36,50,201,41*77	1770467781.820958
$GPGSV,4,4,15,40,45,147,39,41,27,116,,49,40,227,41*4D	1770467781.924918
$GLGSV,2,1,08,67,00,045,,73,69,166,39,74,56,325,29,75,06,330,21*66	1770467782.029013
$GLGSV,2,2,08,80,14,152,23,83,40,026,32,84,66,287,37,85,24,241,33*64	1770467782.029064
$GNGLL,3252.78864,N,03516.15211,E,123606.00,A,A*73	1770467782.132881
$GNRMC,123607.00,A,3252.78861,N,03516.15331,E,3.616,88.51,070226,,,A*44	1770467782.444988
$GNVTG,88.51,T,,M,3.616,N,6.697,K,A*1B	1770467782.445043
$GNGGA,123607.00,3252.78861,N,03516.15331,E,1,12,0.79,260.7,M,18.9,M,,*4F	1770467782.548915
$GNGSA,A,3,18,25,28,29,12,05,21,11,31,26,,,1.44,0.79,1.21*1D	1770467782.652928
$GNGSA,A,3,73,84,83,74,85,,,,,,,,1.44,0.79,1.21*1C	1770467782.652981
$GPGSV,4,1,15,05,37,093,35,11,16,042,27,12,34,124,42,18,42,221,37*7E	1770467782.756886
$GPGSV,4,2,15,21,22,063,31,23,01,184,,25,77,119,41,26,10,315,25*7C	1770467782.756935
$GPGSV,4,3,15,28,35,280,46,29,61,345,42,31,19,309,37,36,50,201,40*75	1770467782.860995
$GPGSV,4,4,15,40,45,147,39,41,27,116,,49,40,227,42*4E	1770467782.964874
$GLGSV,2,1,08,67,00,045,,73,69,166,36,74,56,325,30,75,06,330,23*63	1770467782.964961
$GLGSV,2,2,08,80,14,152,25,83,40,026,32,84,66,287,38,85,24,241,25*6A	1770467783.068970
$GNGLL,3252.78861,N,03516.15331,E,123607.00,A,A*74	1770467783.172859
$GNRMC,123608.00,A,3252.78856,N,03516.15457,E,3.818,91.07,070226,,,A*43	1770467783.380918
$GNVTG,91.07,T,,M,3.818,N,7.071,K,A*1F	1770467783.484911
$GNGGA,123608.00,3252.78856,N,03516.15457,E,1,12,0.76,260.7,M,18.9,M,,*4C	1770467783.588887
$GNGSA,A,3,18,25,28,29,12,05,21,11,31,26,,,1.35,0.76,1.11*17	1770467783.588939
$GNGSA,A,3,73,84,83,74,85,,,,,,,,1.35,0.76,1.11*16	1770467783.692873
$GPGSV,4,1,15,05,37,093,36,11,16,042,27,12,34,124,39,18,42,221,34*72	1770467783.692961
$GPGSV,4,2,15,21,22,063,25,23,01,184,,25,77,119,39,26,10,315,26*75	1770467783.796937
$GPGSV,4,3,15,28,35,280,47,29,61,345,42,31,19,309,35,36,50,201,43*75	1770467783.900881
$GPGSV,4,4,15,40,45,147,39,41,27,116,,49,40,227,35*4E	1770467783.900931
$GLGSV,2,1,08,67,00,045,,73,69,166,39,74,56,325,29,75,06,330,22*65	1770467784.004933
$GLGSV,2,2,08,80,14,152,25,83,40,026,39,84,66,287,35,85,24,241,27*6E	1770467784.108863
$GNGLL,3252.78856,N,03516.15457,E,123608.00,A,A*78	1770467784.108953
$GNRMC,123609.00,A,3252.78832,N,03516.15559,E,3.177,102.82,070226,,,A*79	1770467784.420879
$GNVTG,102.82,T,,M,3.177,N,5.884,K,A*29	1770467784.420933
$GNGGA,123609.00,3252.78832,N,03516.15559,E,1,12,0.76,261.3,M,18.9,M,,*45	1770467784.524923
$GNGSA,A,3,18,25,28,29,12,05,21,11,31,26,,,1.35,0.76,1.11*17	1770467784.628972
$GNGSA,A,3,73,84,83,74,85,,,,,,,,1.35,0.76,1.11*16	1770467784.629026
$GPGSV,4,1,15,05,37,093,32,11,16,042,28,12,34,124,40,18,42,221,43*77	1770467784.732872
$GPGSV,4,2,15,21,22,063,28,23,01,184,,25,77,119,43,26,10,315,24*77	1770467784.837231
$GPGSV,4,3,15,28,35,280,46,29,61,345,45,31,19,309,34,36,50,201,39*7F	1770467784.837284
$GPGSV,4,4,15,40,45,147,41,41,27,116,,49,40,227,39*4D	1770467784.940976
$GLGSV,2,1,08,67,00,045,,73,69,166,37,74,56,325,29,75,06,330,21*68	1770467785.045032
$GLGSV,2,2,08,80,14,152,23,83,40,026,34,84,66,287,31,85,24,241,27*61	1770467785.045089
$GNGLL,3252.78832,N,03516.15559,E,123609.00,A,A*74	1770467785.148861
$GNRMC,123610.00,A,3252.78817,N,03516.15664,E,3.180,101.69,070226,,,A*75	1770467785.461144
$GNVTG,101.69,T,,M,3.180,N,5.890,K,A*22	1770467785.461201
$GNGGA,123610.00,3252.78817,N,03516.15664,E,1,12,0.76,261.8,M,18.9,M,,*4C	1770467785.564929
$GNGSA,A,3,18,25,28,29,12,05,21,11,31,26,,,1.35,0.76,1.11*17	1770467785.564981
$GNGSA,A,3,73,84,83,74,85,,,,,,,,1.35,0.76,1.11*16	1770467785.668889
$GPGSV,4,1,15,05,37,093,33,11,16,042,26,12,34,124,41,18,42,221,46*7C	1770467785.772936
$GPGSV,4,2,15,21,22,063,30,23,01,184,,25,77,119,41,26,10,315,21*79	1770467785.772989
$GPGSV,4,3,15,28,35,280,46,29,61,345,38,31,19,309,39,36,50,201,44*72	1770467785.877180
$GPGSV,4,4,15,40,45,147,39,41,27,116,,49,40,227,42*4E	1770467785.981874
$GLGSV,2,1,08,67,00,045,,73,69,166,37,74,56,325,33,75,06,330,19*68	1770467785.981932
$GLGSV,2,2,08,80,14,152,19,83,40,026,33,84,66,287,37,85,24,241,34*6B	1770467786.084878
$GNGLL,3252.78817,N,03516.15664,E,123610.00,A,A*76	1770467786.084929
$GNRMC,123611.00,A,3252.78817,N,03516.15787,E,3.608,93.22,070226,,,A*4A	1770467786.396866
$GNVTG,93.22,T,,M,3.608,N,6.683,K,A*1F	1770467786.500906
$GNGGA,123611.00,3252.78817,N,03516.15787,E,1,12,0.76,261.3,M,18.9,M,,*4A	1770467786.500957
$GNGSA,A,3,18,25,28,29,12,05,21,11,31,26,,,1.35,0.76,1.11*17	1770467786.604922
$GNGSA,A,3,73,84,83,74,85,,,,,,,,1.35,0.76,1.11*16	1770467786.604972
$GPGSV,4,1,15,05,37,093,31,11,15,042,31,12,34,124,41,18,42,221,46*7B	1770467786.708879
$GPGSV,4,2,15,21,22,063,29,23,01,184,,25,77,119,40,26,10,315,24*75	1770467786.812938
$GPGSV,4,3,15,28,35,280,42,29,61,345,41,31,19,309,42,36,50,201,42*72	1770467786.916918
$GPGSV,4,4,15,40,45,147,37,41,27,116,,49,40,227,45*47	1770467786.916970
$GLGSV,2,1,08,67,00,045,,73,69,166,38,74,56,325,32,75,06,330,19*66	1770467787.020886
$GLGSV,2,2,08,80,14,152,23,83,40,026,32,84,66,287,41,85,24,241,38*6E	1770467787.020943
$GNGLL,3252.78817,N,03516.15787,E,123611.00,A,A*7B	1770467787.124855
$GNRMC,123612.00,A,3252.78814,N,03516.15904,E,3.449,95.06,070226,,,A*48	1770467787.436915
$GNVTG,95.06,T,,M,3.449,N,6.387,K,A*19	1770467787.436967
$GNGGA,123612.00,3252.78814,N,03516.15904,E,1,12,0.76,261.4,M,18.9,M,,*48	1770467787.540892
$GNGSA,A,3,18,25,28,29,12,05,21,11,31,26,,,1.35,0.76,1.11*17	1770467787.644926
$GNGSA,A,3,73,84,83,74,85,,,,,,,,1.35,0.76,1.11*16	1770467787.645121
$GPGSV,4,1,15,05,37,093,30,11,15,042,26,12,34,125,39,18,42,221,44*70	1770467787.748968
$GPGSV,4,2,15,21,22,063,29,23,01,184,,25,77,119,40,26,10,315,34*74	1770467787.749021
$GPGSV,4,3,15,28,35,280,41,29,61,345,40,31,19,309,43,36,50,201,41*72	1770467787.852925
$GPGSV,4,4,15,40,45,147,39,41,27,116,,49,40,227,46*4A	1770467787.956918
$GLGSV,2,1,08,67,00,045,,73,69,166,39,74,56,325,32,75,06,330,20*6D	1770467787.956971
$GLGSV,2,2,08,80,14,152,24,83,40,026,31,84,66,287,39,85,24,241,39*64	1770467788.060903
$GNGLL,3252.78814,N,03516.15904,E,123612.00,A,A*7E	1770467788.164861
$GNRMC,123613.00,A,3252.78800,N,03516.16017,E,3.389,97.41,070226,,,A*4E	1770467788.373067
$GNVTG,97.41,T,,M,3.389,N,6.277,K,A*1D	1770467788.476979
$GNGGA,123613.00,3252.78800,N,03516.16017,E,1,12,0.76,261.5,M,18.9,M,,*45	1770467788.580873
$GNGSA,A,3,18,25,28,29,12,05,21,11,31,26,,,1.35,0.76,1.11*17	1770467788.580924
$GNGSA,A,3,73,84,83,74,85,,,,,,,,1.35,0.76,1.11*16	1770467788.684874
$GPGSV,4,1,15,05,37,093,31,11,15,042,24,12,34,125,42,18,42,222,43*7B	1770467788.684963
$GPGSV,4,2,15,21,22,063,28,23,01,184,,25,77,119,37,26,10,315,26*76	1770467788.788937
$GPGSV,4,3,15,28,35,280,42,29,61,345,37,31,19,309,40,36,50,201,40*73	1770467788.892946
$GPGSV,4,4,15,40,45,147,37,41,27,116,,49,40,227,43*41	1770467788.893000
$GLGSV,2,1,08,67,00,045,,73,69,166,36,74,56,325,28,75,06,330,21*68	1770467788.996957
$GLGSV,2,2,08,80,14,152,24,83,40,026,25,84,66,287,39,85,24,241,36*6E	1770467789.100905
$GNGLL,3252.78800,N,03516.16017,E,123613.00,A,A*72	1770467789.100956
$GNRMC,123614.00,A,3252.78772,N,03516.16114,E,3.166,107.06,070226,,,A*79	1770467789.412909
$GNVTG,107.06,T,,M,3.166,N,5.864,K,A*2E	1770467789.516934
$GNGGA,123614.00,3252.78772,N,03516.16114,E,1,12,0.76,261.8,M,18.9,M,,*47	1770467789.516988
$GNGSA,A,3,18,25,28,29,12,05,21,11,31,26,,,1.35,0.76,1.11*17	1770467789.620926
$GNGSA,A,3,73,84,83,74,85,,,,,,,,1.35,0.76,1.11*16	1770467789.621012
$GPGSV,4,1,15,05,37,093,35,11,15,042,26,12,34,125,34,18,42,222,43*7C	1770467789.724917
$GPGSV,4,2,15,21,22,063,28,23,01,184,,25,77,119,34,26,10,315,25*76	1770467789.828910
$GPGSV,4,3,15,28,35,280,35,29,61,345,34,31,19,309,38,36,50,201,42*7D	1770467789.828960
$GPGSV,4,4,15,40,45,147,34,41,27,116,,49,40,227,40*41	1770467789.932902
$GLGSV,2,1,08,67,00,045,,73,69,166,38,74,56,325,28,75,06,330,21*66	1770467790.036854
$GLGSV,2,2,08,80,14,152,24,83,40,026,32,84,66,287,37,85,24,241,39*69	1770467790.036904
$GNGLL,3252.78772,N,03516.16114,E,123614.00,A,A*7D	1770467790.140862
$GNRMC,123615.00,A,3252.78730,N,03516.16192,E,2.722,121.93,070226,,,A*7F	1770467790.452982
$GNVTG,121.93,T,,M,2.722,N,5.041,K,A*2E	1770467790.453032
$GNGGA,123615.00,3252.78730,N,03516.16192,E,1,12,0.76,262.0,M,18.9,M,,*45	1770467790.556910
$GNGSA,A,3,18,25,28,29,12,05,21,11,31,26,,,1.35,0.76,1.11*17	1770467790.556959
$GNGSA,A,3,73,84,83,74,85,,,,,,,,1.35,0.76,1.11*16	1770467790.660924
$GPGSV,4,1,15,05,37,093,35,11,15,042,26,12,34,125,33,18,42,222,39*76	1770467790.764870
$GPGSV,4,2,15,21,22,063,33,23,01,184,,25,77,119,39,26,10,315,24*70	1770467790.765182
$GPGSV,4,3,15,28,35,280,45,29,61,345,34,31,19,309,37,36,50,201,41*76	1770467790.868902
$GPGSV,4,4,15,40,45,147,34,41,27,116,,49,40,227,41*40	1770467790.973344
$GLGSV,2,1,08,67,00,045,,73,69,166,36,74,56,325,29,75,06,330,22*6A	1770467790.973403
$GLGSV,2,2,08,80,14,152,25,83,40,026,38,84,66,287,39,85,24,241,32*67	1770467791.076901
$GNGLL,3252.78730,N,03516.16192,E,123615.00,A,A*74	1770467791.180887
$GNRMC,123616.00,A,3252.78707,N,03516.16292,E,3.274,109.17,070226,,,A*7A	1770467791.388962
$GNVTG,109.17,T,,M,3.274,N,6.064,K,A*2B	1770467791.492903
$GNGGA,123616.00,3252.78707,N,03516.16292,E,1,12,0.76,262.1,M,18.9,M,,*40	1770467791.492957
$GNGSA,A,3,18,25,28,29,12,05,21,11,31,26,,,1.35,0.76,1.11*17	1770467791.596997
$GNGSA,A,3,73,84,83,74,85,,,,,,,,1.35,0.76,1.11*16	1770467791.700872
$GPGSV,4,1,15,05,37,093,37,11,15,042,25,12,34,125,41,18,42,222,41*7D	1770467791.700922
$GPGSV,4,2,15,21,22,063,28,23,01,184,,25,77,119,41,26,10,315,22*73	1770467791.804926
$GPGSV,4,3,15,28,35,280,46,29,61,345,41,31,19,309,36,36,50,201,41*76	1770467791.908947
$GPGSV,4,4,15,40,45,147,39,41,27,116,,49,40,227,42*4E	1770467791.909001
$GLGSV,2,1,08,67,00,045,,73,69,166,37,74,56,325,29,75,06,330,23*6A	1770467792.012940
$GLGSV,2,2,08,80,14,152,24,83,40,026,31,84,66,287,39,85,24,241,38*65	1770467792.116911
$GNGLL,3252.78707,N,03516.16292,E,123616.00,A,A*70	1770467792.116963
$GNRMC,123617.00,A,3252.78698,N,03516.16406,E,3.339,100.86,070226,,,A*7E	1770467792.428883
$GNVTG,100.86,T,,M,3.339,N,6.184,K,A*2D	1770467792.428934
$GNGGA,123617.00,3252.78698,N,03516.16406,E,1,12,0.76,262.1,M,18.9,M,,*4D	1770467792.532903
$GNGSA,A,3,18,25,28,29,12,05,21,11,31,26,,,1.35,0.76,1.11*17	1770467792.636948
$GNGSA,A,3,73,84,83,74,85,,,,,,,,1.35,0.76,1.11*16	1770467792.637003
$GPGSV,4,1,15,05,37,093,38,11,15,042,25,12,34,125,40,18,42,222,44*76	1770467792.740980
$GPGSV,4,2,15,21,22,063,27,23,01,184,,25,77,119,39,26,10,315,28*79	1770467792.844883
$GPGSV,4,3,15,28,35,280,44,29,61,345,41,31,19,309,37,36,50,201,38*7B	1770467792.844934
$GPGSV,4,4,15,40,45,147,39,41,27,116,,49,40,227,42*4E	1770467792.948886
$GLGSV,2,1,08,67,00,045,,73,69,166,35,74,56,325,29,75,06,330,23*68	1770467793.053563
$GLGSV,2,2,08,80,14,152,26,83,40,026,26,84,66,287,37,85,24,241,32*65	1770467793.053615
$GNGLL,3252.78698,N,03516.16406,E,123617.00,A,A*7D	1770467793.157553
$GNRMC,123618.00,A,3252.78682,N,03516.16516,E,3.336,104.16,070226,,,A*78	1770467793.469975
$GNVTG,104.16,T,,M,3.336,N,6.178,K,A*2C	1770467793.470029
$GNGGA,123618.00,3252.78682,N,03516.16516,E,1,12,0.76,262.2,M,18.9,M,,*4A	1770467793.573612
$GNGSA,A,3,18,25,28,29,12,05,21,11,31,26,,,1.35,0.76,1.11*17	1770467793.573665
$GNGSA,A,3,73,84,83,74,85,,,,,,,,1.35,0.76,1.11*16	1770467793.677545
$GPGSV,4,1,15,05,37,093,30,11,15,042,26,12,34,125,40,18,42,222,42*7B	1770467793.781649
$GPGSV,4,2,15,21,22,063,27,23,01,184,,25,77,119,39,26,10,315,27*76	1770467793.781702
$GPGSV,4,3,15,28,35,280,45,29,61,345,41,31,19,309,39,36,50,201,39*75	1770467793.885565
$GPGSV,4,4,15,40,45,147,37,41,27,116,,49,40,227,44*46	1770467793.885614
$GLGSV,2,1,08,67,00,045,,73,69,166,38,74,56,325,30,75,06,330,24*6A	1770467793.989713
$GLGSV,2,2,08,80,14,152,27,83,40,026,26,84,66,287,40,85,24,241,40*61	1770467794.093569
$GNGLL,3252.78682,N,03516.16516,E,123618.00,A,A*79	1770467794.093621
$GNRMC,123619.00,A,3252.78658,N,03516.16619,E,3.153,106.49,070226,,,A*7B	1770467794.405586
$GNVTG,106.49,T,,M,3.153,N,5.840,K,A*24	1770467794.509572
$GNGGA,123619.00,3252.78658,N,03516.16619,E,1,12,0.76,262.3,M,18.9,M,,*41	1770467794.509623
$GNGSA,A,3,18,25,28,29,12,05,21,11,31,26,,,1.35,0.76,1.11*17	1770467794.613579
$GNGSA,A,3,73,84,83,74,85,,,,,,,,1.35,0.76,1.11*16	1770467794.613629
$GPGSV,4,1,15,05,37,093,33,11,15,042,26,12,34,125,37,18,42,222,43*79	1770467794.717575
$GPGSV,4,2,15,21,22,063,26,23,01,184,,25,77,119,42,26,10,315,27*7B	1770467794.821639
$GPGSV,4,3,15,28,35,280,43,29,61,345,38,31,19,309,39,36,50,201,40*73	1770467794.821691
$GPGSV,4,4,15,40,45,147,39,41,27,116,,49,40,227,44*48	1770467794.925594
$GLGSV,2,1,08,67,00,045,,73,69,166,40,74,56,325,31,75,06,330,31*60	1770467795.030120
$GLGSV,2,2,08,80,14,152,32,83,40,026,27,84,66,287,38,85,24,241,38*64	1770467795.030175
$GNGLL,3252.78658,N,03516.16619,E,123619.00,A,A*73	1770467795.133670
$GNRMC,123620.00,A,3252.78650,N,03516.16718,E,3.009,99.54,070226,,,D*49	1770467795.445607
$GNVTG,99.54,T,,M,3.009,N,5.572,K,D*18	1770467795.445661
$GNGGA,123620.00,3252.78650,N,03516.16718,E,2,12,0.76,262.6,M,18.9,M,,0000*45	1770467795.549553
$GNGSA,A,3,18,25,28,29,12,05,21,11,31,26,,,1.35,0.76,1.11*17	1770467795.653557
$GNGSA,A,3,73,84,83,74,85,,,,,,,,1.35,0.76,1.11*16	1770467795.653608
$GPGSV,4,1,15,05,37,093,33,11,15,042,27,12,34,125,41,18,42,222,42*78	1770467795.757584
$GPGSV,4,2,15,21,22,063,26,23,01,184,,25,77,119,41,26,10,315,26*79	1770467795.861578
$GPGSV,4,3,15,28,35,280,44,29,61,345,37,31,19,309,40,36,50,201,40*75	1770467795.861630
$GPGSV,4,4,15,40,45,147,39,41,27,116,,49,40,227,42*4E	1770467795.965599
$GLGSV,2,1,08,67,00,045,,73,69,166,37,74,56,325,30,75,06,330,30*60	1770467796.069618
$GLGSV,2,2,08,80,14,152,36,83,40,026,27,84,66,287,35,85,24,241,36*63	1770467796.069670
$GNGLL,3252.78650,N,03516.16718,E,123620.00,A,D*74	1770467796.173525
$GNRMC,123621.00,A,3252.78638,N,03516.16825,E,3.116,100.39,070226,,,D*72	1770467796.485614
$GNVTG,100.39,T,,M,3.116,N,5.770,K,D*2D	1770467796.485667
$GNGGA,123621.00,3252.78638,N,03516.16825,E,2,12,0.76,262.4,M,18.9,M,,0000*49	1770467796.589551
$GNGSA,A,3,18,25,28,29,12,05,21,11,31,26,,,1.35,0.76,1.11*17	1770467796.589601
$GNGSA,A,3,73,84,83,74,85,,,,,,,,1.35,0.76,1.11*16	1770467796.693551
$GPGSV,4,1,15,05,37,093,22,11,15,042,25,12,34,125,42,18,42,222,43*78	1770467796.797591
$GPGSV,4,2,15,21,22,062,32,23,01,184,,25,77,119,38,26,10,315,26*73	1770467796.797646
$GPGSV,4,3,15,28,35,280,42,29,61,345,34,31,19,309,29,36,50,201,42*7D	1770467796.901558
$GPGSV,4,4,15,40,45,147,35,41,27,116,,49,40,227,43*43	1770467796.901610
$GLGSV,2,1,08,67,00,045,,73,69,166,35,74,56,325,29,75,06,330,23*68	1770467797.005684
$GLGSV,2,2,08,80,14,152,32,83,40,026,27,84,66,287,38,85,24,241,42*69	1770467797.109529
$GNGLL,3252.78638,N,03516.16825,E,123621.00,A,D*7A	1770467797.109582
$GNRMC,123622.00,A,3252.78614,N,03516.16935,E,3.545,104.81,070226,,,D*7A	1770467797.421631
$GNVTG,104.81,T,,M,3.545,N,6.566,K,D*2E	1770467797.525665
$GNGGA,123622.00,3252.78614,N,03516.16935,E,2,12,0.76,262.7,M,18.9,M,,0000*47	1770467797.525716
$GNGSA,A,3,18,25,28,29,12,05,21,11,31,26,,,1.35,0.76,1.11*17	1770467797.629588
$GNGSA,A,3,73,84,83,74,85,,,,,,,,1.35,0.76,1.11*16	1770467797.629640
$GPGSV,4,1,15,05,37,093,31,11,15,042,25,12,34,125,44,18,42,222,45*7A	1770467797.733571
$GPGSV,4,2,15,21,22,062,27,23,01,184,,25,77,119,42,26,10,315,26*7A	1770467797.837580
$GPGSV,4,3,15,28,35,280,43,29,61,345,39,31,19,309,36,36,50,201,39*73	1770467797.941646
$GPGSV,4,4,15,40,45,147,35,41,27,116,,49,40,227,41*41	1770467797.941698
$GLGSV,2,1,08,67,00,045,,73,69,166,36,74,56,325,21,75,06,330,22*62	1770467798.045560
$GLGSV,2,2,08,80,14,152,29,83,40,026,27,84,66,287,39,85,24,241,43*63	1770467798.045613
$GNGLL,3252.78614,N,03516.16935,E,123622.00,A,D*77	1770467798.149541
$GNRMC,123623.00,A,3252.78596,N,03516.17053,E,3.569,102.79,070226,,,D*75	1770467798.461638
$GNVTG,102.79,T,,M,3.569,N,6.609,K,D*2B	1770467798.461694
$GNGGA,123623.00,3252.78596,N,03516.17053,E,2,12,0.76,262.8,M,18.9,M,,0000*48	1770467798.565553
$GNGSA,A,3,18,25,28,29,12,05,21,11,31,26,,,1.35,0.76,1.11*17	1770467798.669574
$GNGSA,A,3,73,84,83,74,85,,,,,,,,1.35,0.76,1.11*16	1770467798.669624
$GPGSV,4,1,15,05,37,093,30,11,15,042,27,12,34,125,41,18,42,222,43*7A	1770467798.773546
$GPGSV,4,2,15,21,22,062,30,23,01,184,,25,77,119,40,26,10,315,22*7A	1770467798.773597
$GPGSV,4,3,15,28,35,280,44,29,61,345,36,31,19,309,34,36,50,201,41*76	1770467798.877577
$GPGSV,4,4,15,40,45,147,36,41,27,116,,49,40,227,43*40	1770467798.982776
$GLGSV,2,1,08,67,00,045,,73,69,166,36,74,56,325,23,75,06,330,26*64	1770467798.982847
$GLGSV,2,2,08,80,14,152,23,83,40,026,27,84,66,287,34,85,24,241,36*66	1770467799.085598
$GNGLL,3252.78596,N,03516.17053,E,123623.00,A,D*77	1770467799.189778
$GNRMC,123624.00,A,3252.78577,N,03516.17167,E,3.465,103.93,070226,,,D*73	1770467799.397564
$GNVTG,103.93,T,,M,3.465,N,6.418,K,D*21	1770467799.501656
$GNGGA,123624.00,3252.78577,N,03516.17167,E,2,12,0.76,263.0,M,18.9,M,,0000*4F	1770467799.605571
$GNGSA,A,3,18,25,28,29,12,05,21,11,31,26,,,1.35,0.76,1.11*17	1770467799.605620
$GNGSA,A,3,73,84,83,74,85,,,,,,,,1.35,0.76,1.11*16	1770467799.709655
$GPGSV,4,1,15,05,37,093,35,11,15,042,30,12,34,125,40,18,42,222,44*7F	1770467799.709707
$GPGSV,4,2,15,21,22,062,32,23,01,184,,25,76,120,38,26,10,315,27*79	1770467799.813568
$GPGSV,4,3,15,28,35,280,42,29,61,345,29,31,19,309,36,36,50,201,39*73	1770467799.917558
$GPGSV,4,4,15,40,45,147,39,41,27,116,,49,40,227,45*49	1770467799.917610
$GLGSV,2,1,08,67,00,045,,73,69,166,38,74,56,325,29,75,06,330,22*64	1770467800.021647
$GLGSV,2,2,08,80,14,152,24,83,40,026,32,84,66,287,39,85,24,241,44*6D	1770467800.125605
$GNGLL,3252.78577,N,03516.17167,E,123624.00,A,D*79	1770467800.125658
$GNRMC,123625.00,A,3252.78554,N,03516.17272,E,3.056,105.92,070226,,,D*77	1770467800.437578
$GNVTG,105.92,T,,M,3.056,N,5.660,K,D*2C	1770467800.437629
$GNGGA,123625.00,3252.78554,N,03516.17272,E,2,12,0.76,263.1,M,18.9,M,,0000*49	1770467800.541641
$GNGSA,A,3,18,25,28,29,12,05,21,11,31,26,,,1.35,0.76,1.11*17	1770467800.645581
$GNGSA,A,3,73,84,83,74,85,,,,,,,,1.35,0.76,1.11*16	1770467800.645671
$GPGSV,4,1,15,05,37,093,36,11,15,042,22,12,34,125,35,18,42,222,42*7B	1770467800.749622
$GPGSV,4,2,15,21,22,062,32,23,01,184,,25,76,120,31,26,10,315,31*77	1770467800.853609
$GPGSV,4,3,15,28,35,280,44,29,61,345,35,31,19,309,39,36,50,201,38*76	1770467800.853662
$GPGSV,4,4,15,40,45,147,41,41,27,116,,49,40,227,44*47	1770467800.957598
$GLGSV,2,1,08,67,00,045,,73,69,166,39,74,56,325,20,75,06,330,23*6D	1770467801.061836
$GLGSV,2,2,08,80,14,152,23,83,40,026,27,84,66,287,37,85,24,241,41*65	1770467801.061889
$GNGLL,3252.78554,N,03516.17272,E,123625.00,A,D*7E	1770467801.165538
$GNRMC,123626.00,A,3252.78528,N,03516.17378,E,3.345,106.75,070226,,,D*7F	1770467801.477554
$GNVTG,106.75,T,,M,3.345,N,6.195,K,D*29	1770467801.477604
$GNGGA,123626.00,3252.78528,N,03516.17378,E,2,12,0.76,263.2,M,18.9,M,,0000*49	1770467801.581590
$GNGSA,A,3,18,25,28,29,12,05,21,11,31,26,,,1.35,0.76,1.11*17	1770467801.581643
$GNGSA,A,3,73,84,83,74,85,,,,,,,,1.35,0.76,1.11*16	1770467801.685532
$GPGSV,4,1,15,05,37,093,30,11,15,042,24,12,34,125,32,18,42,222,36*7F	1770467801.789543
$GPGSV,4,2,15,21,22,062,32,23,01,184,,25,76,120,38,26,10,315,24*7A	1770467801.789594
$GPGSV,4,3,15,28,35,280,46,29,61,345,33,31,19,309,34,36,50,201,33*74	1770467801.893810
$GPGSV,4,4,15,40,45,147,39,41,27,116,,49,40,227,40*4C	1770467801.997551
$GLGSV,2,1,08,67,00,045,,73,69,166,34,74,56,325,22,75,06,330,23*62	1770467801.997606
$GLGSV,2,2,08,80,14,152,26,83,40,026,31,84,66,287,30,85,24,241,40*61	1770467802.101881
$GNGLL,3252.78528,N,03516.17378,E,123626.00,A,D*7D	1770467802.101934
$GNRMC,123627.00,A,3252.78518,N,03516.17478,E,2.958,104.46,070226,,,D*7F	1770467802.413577
$GNVTG,104.46,T,,M,2.958,N,5.478,K,D*29	1770467802.517569
$GNGGA,123627.00,3252.78518,N,03516.17478,E,2,12,0.76,263.8,M,18.9,M,,0000*46	1770467802.517620
$GNGSA,A,3,18,25,28,29,12,05,21,11,31,26,,,1.35,0.76,1.11*17	1770467802.621587
$GNGSA,A,3,73,84,83,74,85,,,,,,,,1.35,0.76,1.11*16	1770467802.725571
$GPGSV,4,1,15,05,37,093,34,11,15,042,25,12,34,125,33,18,42,222,39*74	1770467802.725625
$GPGSV,4,2,15,21,22,062,31,23,01,184,,25,76,120,39,26,10,315,22*7E	1770467802.829585
$GPGSV,4,3,15,28,35,280,41,29,61,345,36,31,19,309,39,36,50,201,42*7D	1770467802.933647
$GPGSV,4,4,15,40,45,147,37,41,27,116,,49,40,227,36*43	1770467802.933703
$GLGSV,2,1,08,67,00,045,,73,69,166,38,74,56,325,25,75,06,330,23*69	1770467803.037605
$GLGSV,2,2,08,80,14,152,26,83,40,026,36,84,66,287,25,85,24,241,39*6C	1770467803.141560
$GNGLL,3252.78518,N,03516.17478,E,123627.00,A,D*78	1770467803.141610
$GNRMC,123628.00,A,3252.78500,N,03516.17600,E,3.677,102.56,070226,,,D*70	1770467803.453550
$GNVTG,102.56,T,,M,3.677,N,6.809,K,D*24	1770467803.453602
$GNGGA,123628.00,3252.78500,N,03516.17600,E,2,12,0.80,263.7,M,18.9,M,,0000*4B	1770467803.557673
$GNGSA,A,3,18,25,28,29,12,05,21,11,31,26,,,1.42,0.80,1.17*18	1770467803.661700
$GNGSA,A,3,73,84,83,74,85,,,,,,,,1.42,0.80,1.17*19	1770467803.661752
$GPGSV,4,1,15,05,37,093,34,11,15,042,35,12,34,125,29,18,42,222,42*72	1770467803.765562
$GPGSV,4,2,15,21,22,062,30,23,01,184,,25,76,120,41,26,10,315,28*7A	1770467803.869627
$GPGSV,4,3,15,28,35,280,37,29,61,347,31,31,19,309,37,36,50,201,41*74	1770467803.869681
$GPGSV,4,4,15,40,45,147,33,41,27,116,,49,40,227,41*47	1770467803.973947
$GLGSV,2,1,08,67,00,045,,73,69,166,36,74,56,325,25,75,06,330,23*67	1770467803.974001
$GLGSV,2,2,08,80,14,152,26,83,40,026,29,84,66,287,32,85,24,241,43*69	1770467804.077582
$GNGLL,3252.78500,N,03516.17600,E,123628.00,A,D*73	1770467804.181560
$GNRMC,123629.00,A,3252.78475,N,03516.17738,E,4.114,105.93,070226,,,D*73	1770467804.389626
$GNVTG,105.93,T,,M,4.114,N,7.619,K,D*21	1770467804.493610
$GNGGA,123629.00,3252.78475,N,03516.17738,E,2,12,0.76,263.4,M,18.9,M,,0000*49	1770467804.597550
$GNGSA,A,3,18,25,28,29,12,05,21,11,31,26,,,1.35,0.76,1.11*17	1770467804.597599
$GNGSA,A,3,73,84,83,74,85,,,,,,,,1.35,0.76,1.11*16	1770467804.701598
$GPGSV,4,1,15,05,37,093,38,11,15,042,31,12,34,125,37,18,42,222,44*73	1770467804.701651
$GPGSV,4,2,15,21,22,062,26,23,01,184,,25,76,120,41,26,10,315,27*72	1770467804.805551
$GPGSV,4,3,15,28,35,280,31,29,61,347,39,31,19,309,34,36,50,201,37*78	1770467804.909688
$GPGSV,4,4,15,40,45,147,33,41,27,116,,49,40,227,44*42	1770467804.909741
$GLGSV,2,1,08,67,00,045,,73,69,166,36,74,56,325,24,75,06,330,23*66	1770467805.013607
$GLGSV,2,2,08,80,14,152,25,83,40,026,34,84,66,287,33,85,24,241,40*64	1770467805.117562
$GNGLL,3252.78475,N,03516.17738,E,123629.00,A,D*7B	1770467805.117614
$GNRMC,123630.00,A,3252.78465,N,03516.17867,E,3.519,102.87,070226,,,D*73	1770467805.429618
$GNVTG,102.87,T,,M,3.519,N,6.518,K,D*2E	1770467805.429673
$GNGGA,123630.00,3252.78465,N,03516.17867,E,2,12,0.76,263.0,M,18.9,M,,0000*41	1770467805.533708
$GNGSA,A,3,18,25,28,29,12,05,21,11,31,26,,,1.35,0.76,1.11*17	1770467805.637559
$GNGSA,A,3,73,84,83,74,85,,,,,,,,1.35,0.76,1.11*16	1770467805.637612
$GPGSV,4,1,15,05,37,093,36,11,15,042,28,12,34,125,36,18,42,222,44*74	1770467805.741553
$GPGSV,4,2,15,21,22,062,27,23,01,184,,25,76,120,42,26,10,315,26*71	1770467805.845670
$GPGSV,4,3,15,28,35,280,33,29,61,347,41,31,19,309,30,36,50,201,33*75	1770467805.845722
$GPGSV,4,4,15,40,45,147,36,41,27,116,,49,40,227,41*42	1770467805.949609
$GLGSV,2,1,08,67,00,045,,73,69,166,39,74,56,325,26,75,06,330,23*6B	1770467806.053545
$GLGSV,2,2,08,80,14,152,26,83,40,026,37,84,66,287,36,85,24,241,44*65	1770467806.053599
$GNGLL,3252.78465,N,03516.17867,E,123630.00,A,D*77	1770467806.157550
$GNRMC,123631.00,A,3252.78446,N,03516.17981,E,3.289,104.53,070226,,,D*7B	1770467806.469569
$GNVTG,104.53,T,,M,3.289,N,6.092,K,D*28	1770467806.469621
$GNGGA,123631.00,3252.78446,N,03516.17981,E,2,12,0.76,262.8,M,18.9,M,,0000*41	1770467806.573557
$GNGSA,A,3,18,25,28,29,12,05,21,11,31,26,,,1.35,0.76,1.11*17	1770467806.573649
$GNGSA,A,3,73,84,83,74,85,,,,,,,,1.35,0.76,1.11*16	1770467806.677632
$GPGSV,4,1,15,05,37,093,33,11,15,042,28,12,34,125,35,18,42,222,41*77	1770467806.781587
$GPGSV,4,2,15,21,22,062,31,23,01,184,,25,76,120,37,26,10,315,25*77	1770467806.781642
$GPGSV,4,3,15,28,35,280,37,29,61,347,40,31,19,309,34,36,50,201,41*71	1770467806.885562
$GPGSV,4,4,15,40,45,147,35,41,27,116,,49,40,227,40*40	1770467806.989753
$GLGSV,2,1,08,67,00,045,,73,69,166,32,74,56,325,26,75,06,330,24*67	1770467806.989804
$GLGSV,2,2,08,80,14,152,26,83,40,026,30,84,66,287,36,85,24,241,40*66	1770467807.093742
$GNGLL,3252.78446,N,03516.17981,E,123631.00,A,D*7E	1770467807.093805
$GNRMC,123632.00,A,3252.78420,N,03516.18078,E,2.841,107.62,070226,,,D*76	1770467807.405584
$GNVTG,107.62,T,,M,2.841,N,5.262,K,D*28	1770467807.509588
$GNGGA,123632.00,3252.78420,N,03516.18078,E,2,12,0.76,263.0,M,18.9,M,,0000*4B	1770467807.509641
$GNGSA,A,3,18,25,28,29,12,05,21,11,31,26,,,1.35,0.76,1.11*17	1770467807.613590
$GNGSA,A,3,73,84,83,74,85,,,,,,,,1.35,0.76,1.11*16	1770467807.717609
$GPGSV,4,1,15,05,37,093,30,11,15,042,28,12,34,125,31,18,42,222,40*71	1770467807.717664
$GPGSV,4,2,15,21,22,062,27,23,01,184,,25,76,120,39,26,10,315,25*7E	1770467807.821655
$GPGSV,4,3,15,28,35,280,41,29,61,347,42,31,19,309,36,36,50,201,41*70	1770467807.925697
$GPGSV,4,4,15,40,45,147,32,41,27,116,,49,40,227,41*46	1770467807.925748
$GLGSV,2,1,08,67,00,045,,73,69,166,35,74,56,325,27,75,06,330,25*60	1770467808.029779
$GLGSV,2,2,08,80,14,152,26,83,40,026,31,84,66,287,42,85,24,241,40*64	1770467808.133582
$GNGLL,3252.78420,N,03516.18078,E,123632.00,A,D*7D	1770467808.133670
$GNRMC,123633.00,A,3252.78395,N,03516.18164,E,2.566,109.89,070226,,,D*71	1770467808.445591
$GNVTG,109.89,T,,M,2.566,N,4.751,K,D*2F	1770467808.445643
$GNGGA,123633.00,3252.78395,N,03516.18164,E,2,12,0.76,263.3,M,18.9,M,,0000*4C	1770467808.549542
$GNGSA,A,3,18,25,28,29,12,05,21,11,31,26,,,1.35,0.76,1.11*17	1770467808.653793
$GNGSA,A,3,73,84,83,74,85,,,,,,,,1.35,0.76,1.11*16	1770467808.653849
$GPGSV,4,1,15,05,37,093,27,11,15,042,29,12,34,125,38,18,42,222,43*7C	1770467808.757551
$GPGSV,4,2,15,21,22,062,31,23,01,184,,25,76,120,37,26,10,315,27*75	1770467808.861575
$GPGSV,4,3,15,28,35,280,44,29,61,347,40,31,19,309,39,36,50,201,38*76	1770467808.861626
$GPGSV,4,4,15,40,45,147,,41,27,116,,49,40,227,41*47	1770467808.965582
$GLGSV,2,1,08,67,00,045,,73,69,166,33,74,56,325,30,75,06,330,24*61	1770467809.069610
$GLGSV,2,2,08,80,14,152,26,83,40,026,25,84,66,287,41,85,24,241,39*6C	1770467809.069663
$GNGLL,3252.78395,N,03516.18164,E,123633.00,A,D*79	1770467809.173682
$GNRMC,123634.00,A,3252.78374,N,03516.18250,E,2.579,109.69,070226,,,D*7D	1770467809.485559
$GNVTG,109.69,T,,M,2.579,N,4.776,K,D*2A	1770467809.485610
$GNGGA,123634.00,3252.78374,N,03516.18250,E,2,12,0.76,263.4,M,18.9,M,,0000*47	1770467809.589598
$GNGSA,A,3,18,25,28,29,12,05,21,11,31,26,,,1.35,0.76,1.11*17	1770467809.589652
$GNGSA,A,3,73,84,83,74,85,,,,,,,,1.35,0.76,1.11*16	1770467809.693587
$GPGSV,4,1,15,05,37,093,32,11,15,042,29,12,34,125,37,18,42,222,35*76	1770467809.797533
$GPGSV,4,2,15,21,22,062,31,23,01,184,,25,76,120,37,26,10,315,26*74	1770467809.797581
$GPGSV,4,3,15,28,35,280,41,29,61,347,40,31,19,309,41,36,50,201,29*7C	1770467809.901624
$GPGSV,4,4,15,40,45,147,,41,27,116,,49,40,227,43*45	1770467809.901678
$GLGSV,2,1,08,67,00,045,,73,69,166,28,74,56,325,30,75,06,330,32*6C	1770467810.005579
$GLGSV,2,2,08,80,14,152,25,83,40,026,34,84,66,287,37,85,24,241,34*63	1770467810.109666
$GNGLL,3252.78374,N,03516.18250,E,123634.00,A,D*75	1770467810.109716
$GNRMC,123635.00,A,3252.78371,N,03516.18329,E,2.193,101.50,070226,,,D*74	1770467810.421603
$GNVTG,101.50,T,,M,2.193,N,4.061,K,D*29	1770467810.525652
$GNGGA,123635.00,3252.78371,N,03516.18329,E,2,12,0.76,263.9,M,18.9,M,,0000*41	1770467810.525707
$GNGSA,A,3,18,25,28,29,12,05,21,11,31,26,,,1.35,0.76,1.11*17	1770467810.629609
$GNGSA,A,3,73,84,83,74,85,,,,,,,,1.35,0.76,1.11*16	1770467810.629665
$GPGSV,4,1,15,05,37,093,28,11,15,042,32,12,34,125,39,18,42,222,42*79	1770467810.733696
$GPGSV,4,2,15,21,22,062,30,23,01,184,,25,76,120,37,26,10,315,31*73	1770467810.837574
$GPGSV,4,3,15,28,35,280,43,29,61,347,37,31,19,309,39,36,50,201,33*7A	1770467810.941611
$GPGSV,4,4,15,40,45,147,,41,27,116,,49,40,227,42*44	1770467810.941662
$GLGSV,2,1,08,67,00,045,,73,69,166,37,74,56,325,25,75,06,330,38*6C	1770467811.045627
$GLGSV,2,2,08,80,14,152,24,83,40,026,30,84,66,287,38,85,24,241,30*6D	1770467811.045681
$GNGLL,3252.78371,N,03516.18329,E,123635.00,A,D*7E	1770467811.149649
$GNRMC,123636.00,A,3252.78369,N,03516.18417,E,2.512,96.98,070226,,,D*42	1770467811.461643
$GNVTG,96.98,T,,M,2.512,N,4.652,K,D*19	1770467811.461695
$GNGGA,123636.00,3252.78369,N,03516.18417,E,2,12,0.80,263.9,M,18.9,M,,0000*48	1770467811.565602
$GNGSA,A,3,18,25,28,29,12,05,21,11,31,26,,,1.42,0.80,1.18*17	1770467811.669584
$GNGSA,A,3,73,84,83,74,85,,,,,,,,1.42,0.80,1.18*16	1770467811.669637
$GPGSV,4,1,15,05,37,093,33,11,15,042,32,12,34,125,43,18,42,222,38*73	1770467811.773543
$GPGSV,4,2,15,21,22,062,24,23,01,184,,25,76,120,37,26,10,315,26*70	1770467811.773597
$GPGSV,4,3,15,28,35,280,42,29,61,347,37,31,19,309,35,36,50,201,37*73	1770467811.877632
$GPGSV,4,4,15,40,45,147,,41,27,116,,49,40,227,36*47	1770467811.981836
$GLGSV,2,1,08,67,00,045,,73,69,166,35,74,56,325,31,75,06,330,41*65	1770467811.982103
$GLGSV,2,2,08,80,14,152,23,83,40,026,29,84,66,287,36,85,24,241,37*6B	1770467812.085570
$GNGLL,3252.78369,N,03516.18417,E,123636.00,A,D*7E	1770467812.189530
$GNRMC,123637.00,A,3252.78358,N,03516.18488,E,1.861,103.09,070226,,,D*78	1770467812.397610
$GNVTG,103.09,T,,M,1.861,N,3.447,K,D*27	1770467812.501605
$GNGGA,123637.00,3252.78358,N,03516.18488,E,2,12,0.76,263.8,M,18.9,M,,0000*45	1770467812.501655
$GNGSA,A,3,18,25,28,29,12,05,21,11,31,26,,,1.35,0.76,1.11*17	1770467812.605607
$GNGSA,A,3,73,84,83,74,85,,,,,,,,1.35,0.76,1.11*16	1770467812.709543
$GPGSV,4,1,15,05,37,093,28,11,15,042,27,12,34,125,26,18,42,222,26*71	1770467812.709595
$GPGSV,4,2,15,21,22,062,31,23,01,184,,25,76,120,34,26,10,315,34*74	1770467812.813554
$GPGSV,4,3,15,28,35,280,46,29,61,347,39,31,19,309,40,36,50,201,32*7E	1770467812.917604
$GPGSV,4,4,15,40,45,147,,41,27,116,,49,40,227,30*41	1770467812.917658
$GLGSV,2,1,08,67,00,045,,73,69,166,35,74,56,325,32,75,06,330,36*66	1770467813.021588
$GLGSV,2,2,08,80,14,152,23,83,40,026,35,84,66,287,40,85,24,241,39*69	1770467813.125642
$GNGLL,3252.78358,N,03516.18488,E,123637.00,A,D*7B	1770467813.125693
$GNRMC,123638.00,A,3252.78349,N,03516.18534,E,1.066,109.09,070226,,,D*74	1770467813.437593
$GNVTG,109.09,T,,M,1.066,N,1.973,K,D*2A	1770467813.437644
