A&¶&iÇb∫¬bö∫bÇ¬¢böíb∫ b™öbÇÇ¢bö≤R≤¬jR":1MY±…±…±¡·±·¡±≈Ÿ±Õ≈—±Õ·±·≈±Ÿ·±≈…—±Õ—±·…±Õ¡±≈·Õ±…Ÿ±··±ÕÕ±¡Õ›±—≈©Ÿ5)ë911±Õ…’…π›Â¡…Â±9±¡Õ’≈Ÿπ…·¡’≈±±¡Â…·¡…π¡¡±±©›5)ˇ$GNRMC,092803.00,A,3252.79022,N,03516.28052,E,0.059,,060226,,,D*63	1770370098.506338
$GNVTG,,T,,M,0.059,N,0.109,K,D*3C	1770370098.506479
$GNGGA,092803.00,3252.79022,N,03516.28052,E,2,12,0.74,256.5,M,18.9,M,,0000*41	1770370098.610295
$GNGSA,A,3,24,06,12,19,11,29,25,,,,,,1.50,0.74,1.30*1E	1770370098.714316
$GNGSA,A,3,81,78,79,80,82,88,69,,,,,,1.50,0.74,1.30*1C	1770370098.714368
$GPGSV,4,1,15,06,38,072,38,11,42,133,31,12,56,328,43,15,09,201,*7E	1770370098.818253
$GPGSV,4,2,15,17,04,046,29,19,27,044,37,20,03,182,,22,05,085,*7B	1770370098.922270
$GPGSV,4,3,15,24,78,204,40,25,22,294,38,29,15,230,34,32,09,316,35*71	1770370098.922326
$GPGSV,4,4,15,36,50,201,37,40,44,148,,49,40,227,40*49	1770370099.026266
$GLGSV,2,1,08,69,15,251,40,70,14,301,32,78,37,084,27,79,53,004,42*6E	1770370099.026318
$GLGSV,2,2,08,80,16,314,42,81,68,124,29,82,30,183,28,88,33,037,42*62	1770370099.130240
$GNGLL,3252.79022,N,03516.28052,E,092803.00,A,D*76	1770370099.234231
$GNRMC,092804.00,A,3252.79020,N,03516.28055,E,0.046,,060226,,,D*6F	1770370099.546288
$GNVTG,,T,,M,0.046,N,0.085,K,D*37	1770370099.546340
$GNGGA,092804.00,3252.79020,N,03516.28055,E,2,12,0.74,256.5,M,18.9,M,,0000*43	1770370099.650226
$GNGSA,A,3,24,06,12,19,11,29,25,,,,,,1.50,0.74,1.30*1E	1770370099.650313
$GNGSA,A,3,81,78,79,80,82,88,69,,,,,,1.50,0.74,1.30*1C	1770370099.754221
$GPGSV,4,1,15,06,38,072,37,11,42,133,31,12,56,328,44,15,09,201,*76	1770370099.858279
$GPGSV,4,2,15,17,04,046,28,19,27,044,38,20,03,182,,22,05,085,*75	1770370099.858333
$GPGSV,4,3,15,24,78,204,37,25,22,294,37,29,15,230,34,32,09,316,37*7C	1770370099.962236
$GPGSV,4,4,15,36,50,201,37,40,44,148,,49,40,227,40*49	1770370099.962328
$GLGSV,2,1,08,69,15,251,36,70,14,301,35,78,37,084,32,79,53,004,42*6C	1770370100.066585
$GLGSV,2,2,08,80,16,314,43,81,68,124,28,82,30,183,27,88,33,037,42*6D	1770370100.170343
$GNGLL,3252.79020,N,03516.28055,E,092804.00,A,D*74	1770370100.170400
$GNRMC,092805.00,A,3252.79015,N,03516.28046,E,0.641,226.42,060226,,,D*75	1770370100.482231
$GNVTG,226.42,T,,M,0.641,N,1.187,K,D*2A	1770370100.586247
$GNGGA,092805.00,3252.79015,N,03516.28046,E,2,12,0.74,256.2,M,18.9,M,,0000*41	1770370100.690228
$GNGSA,A,3,24,06,12,19,11,29,25,,,,,,1.50,0.74,1.30*1E	1770370100.690317
$GNGSA,A,3,81,78,79,80,82,88,69,,,,,,1.50,0.74,1.30*1C	1770370100.794259
$GPGSV,4,1,15,06,38,072,33,11,42,133,31,12,56,328,42,15,09,201,22*74	1770370100.794309
$GPGSV,4,2,15,17,04,046,33,19,27,044,38,20,03,182,,22,05,085,*7F	1770370100.898269
$GPGSV,4,3,15,24,78,204,39,25,22,294,43,29,15,230,34,32,09,316,34*72	1770370101.002242
$GPGSV,4,4,15,36,50,201,41,40,44,148,,49,40,227,39*46	1770370101.002332
$GLGSV,2,1,08,69,15,251,27,70,14,301,42,78,37,084,29,79,53,004,38*6B	1770370101.106210
$GLGSV,2,2,08,80,16,314,42,81,68,124,30,82,30,183,27,88,33,037,39*69	1770370101.210262
$GNGLL,3252.79015,N,03516.28046,E,092805.00,A,D*71	1770370101.210316
$GNRMC,092806.00,A,3252.79029,N,03516.28057,E,0.043,,060226,,,A*66	1770370101.522282
$GNVTG,,T,,M,0.043,N,0.079,K,A*34	1770370101.522337
$GNGGA,092806.00,3252.79029,N,03516.28057,E,1,12,0.74,256.3,M,18.9,M,,*4F	1770370101.626281
$GNGSA,A,3,24,06,12,19,11,29,25,,,,,,1.50,0.74,1.30*1E	1770370101.730299
$GNGSA,A,3,81,78,79,80,82,88,69,,,,,,1.50,0.74,1.30*1C	1770370101.730353
$GPGSV,4,1,15,06,38,072,32,11,42,133,29,12,56,328,42,15,09,201,22*7C	1770370101.834273
$GPGSV,4,2,15,17,04,046,33,19,27,044,39,20,02,182,,22,05,085,*7F	1770370101.834324
$GPGSV,4,3,15,24,78,204,38,25,22,294,42,29,15,230,24,32,09,316,37*70	1770370101.938227
$GPGSV,4,4,15,36,50,201,40,40,44,148,,49,40,227,34*4A	1770370102.042252
$GLGSV,2,1,08,69,15,251,33,70,14,301,40,78,37,084,28,79,53,004,37*62	1770370102.042303
$GLGSV,2,2,08,80,16,314,41,81,68,124,31,82,30,183,28,88,33,037,39*64	1770370102.146211
$GNGLL,3252.79029,N,03516.28057,E,092806.00,A,A*78	1770370102.250262
$GNRMC,092807.00,A,3252.79042,N,03516.28066,E,0.047,,060226,,,A*6C	1770370102.458259
$GNVTG,,T,,M,0.047,N,0.086,K,A*30	1770370102.562311
$GNGGA,092807.00,3252.79042,N,03516.28066,E,1,12,0.74,256.2,M,18.9,M,,*40	1770370102.562674
$GNGSA,A,3,24,06,12,19,11,29,25,,,,,,1.50,0.74,1.30*1E	1770370102.666211
$GNGSA,A,3,81,78,79,80,82,88,69,,,,,,1.50,0.74,1.30*1C	1770370102.770239
$GPGSV,4,1,15,06,38,072,33,11,42,133,19,12,56,328,43,15,09,201,*7F	1770370102.770290
$GPGSV,4,2,15,17,04,046,33,19,27,044,39,20,02,182,,22,05,085,*7F	1770370102.874241
$GPGSV,4,3,15,24,78,204,38,25,22,294,43,29,15,230,25,32,09,316,36*71	1770370102.978287
$GPGSV,4,4,15,36,50,201,40,40,44,148,,49,40,227,35*4B	1770370102.978343
$GLGSV,2,1,08,69,15,251,37,70,14,301,41,78,37,084,29,79,53,004,37*66	1770370103.082270
$GLGSV,2,2,08,80,16,314,41,81,68,124,32,82,30,183,30,88,33,037,39*6E	1770370103.186226
$GNGLL,3252.79042,N,03516.28066,E,092807.00,A,A*76	1770370103.186277
$GNRMC,092808.00,A,3252.79062,N,03516.28074,E,0.054,,060226,,,A*60	1770370103.498274
$GNVTG,,T,,M,0.054,N,0.100,K,A*3D	1770370103.498327
$GNGGA,092808.00,3252.79062,N,03516.28074,E,1,12,0.79,256.2,M,18.9,M,,*43	1770370103.602305
$GNGSA,A,3,24,06,12,19,11,29,25,,,,,,1.52,0.79,1.30*11	1770370103.706245
$GNGSA,A,3,81,78,79,80,82,88,69,,,,,,1.52,0.79,1.30*13	1770370103.706298
$GPGSV,4,1,15,06,38,072,35,11,42,133,20,12,56,328,42,15,09,201,*72	1770370103.810339
$GPGSV,4,2,15,17,04,046,32,19,27,044,39,20,02,182,,22,05,085,*7E	1770370103.914330
$GPGSV,4,3,15,24,78,204,38,25,22,294,43,29,15,230,25,32,09,316,36*71	1770370103.914381
$GPGSV,4,4,15,36,50,201,41,40,44,148,,49,40,227,35*4A	1770370104.018275
$GLGSV,2,1,08,69,15,251,37,70,14,301,41,78,37,084,29,79,53,004,38*69	1770370104.122269
$GLGSV,2,2,08,80,16,314,41,81,68,124,33,82,30,183,31,88,33,037,39*6E	1770370104.122324
$GNGLL,3252.79062,N,03516.28074,E,092808.00,A,A*78	1770370104.226215
$GNRMC,092809.00,A,3252.79079,N,03516.28078,E,0.023,,060226,,,A*67	1770370104.538304
$GNVTG,,T,,M,0.023,N,0.043,K,A*3B	1770370104.538357
$GNGGA,092809.00,3252.79079,N,03516.28078,E,1,12,0.79,256.2,M,18.9,M,,*44	1770370104.642248
$GNGSA,A,3,24,06,12,19,11,29,25,,,,,,1.52,0.79,1.30*11	1770370104.642300
$GNGSA,A,3,81,78,79,80,82,88,69,,,,,,1.52,0.79,1.30*13	1770370104.746218
$GPGSV,4,1,15,06,38,072,36,11,42,133,20,12,56,328,43,15,09,201,*70	1770370104.746270
$GPGSV,4,2,15,17,04,046,31,19,27,044,39,20,02,182,,22,05,085,*7D	1770370104.850236
$GPGSV,4,3,15,24,77,203,38,25,22,294,44,29,15,230,26,32,09,316,37*7C	1770370104.954338
$GPGSV,4,4,15,36,50,201,41,40,44,148,,49,40,227,35*4A	1770370104.954391
$GLGSV,2,1,08,69,15,251,38,70,14,301,41,78,37,084,29,79,53,004,38*66	1770370105.058267
$GLGSV,2,2,08,80,16,314,41,81,68,124,33,82,30,183,30,88,33,037,40*61	1770370105.162199
$GNGLL,3252.79079,N,03516.28078,E,092809.00,A,A*7F	1770370105.162287
$GNRMC,092810.00,A,3252.79093,N,03516.28082,E,0.036,,060226,,,A*6A	1770370105.474257
$GNVTG,,T,,M,0.036,N,0.067,K,A*39	1770370105.578219
$GNGGA,092810.00,3252.79093,N,03516.28082,E,1,12,0.79,256.1,M,18.9,M,,*4E	1770370105.578270
$GNGSA,A,3,24,06,12,19,11,29,25,,,,,,1.52,0.79,1.30*11	1770370105.682441
$GNGSA,A,3,81,78,79,80,82,88,69,,,,,,1.52,0.79,1.30*13	1770370105.682493
$GPGSV,4,1,15,06,38,072,37,11,42,133,22,12,56,328,43,15,09,201,*73	1770370105.786250
$GPGSV,4,2,15,17,04,046,31,19,27,044,39,20,02,182,,22,05,085,21*7E	1770370105.890217
$GPGSV,4,3,15,24,77,203,39,25,23,294,44,29,15,230,26,32,09,316,37*7C	1770370105.890267
$GPGSV,4,4,15,36,50,201,42,40,44,148,,49,40,227,35*49	1770370105.994236
$GLGSV,2,1,08,69,15,251,38,70,14,301,39,78,37,084,29,79,53,004,37*66	1770370106.098265
$GLGSV,2,2,08,80,16,314,40,81,68,124,34,82,30,183,29,88,33,037,41*6E	1770370106.098318
$GNGLL,3252.79093,N,03516.28082,E,092810.00,A,A*76	1770370106.202255
$GNRMC,092811.00,A,3252.79107,N,03516.28085,E,0.048,,060226,,,A*69	1770370106.514213
$GNVTG,,T,,M,0.048,N,0.089,K,A*30	1770370106.514263
$GNGGA,092811.00,3252.79107,N,03516.28085,E,1,12,0.79,256.1,M,18.9,M,,*44	1770370106.618237
$GNGSA,A,3,24,06,12,19,11,29,25,,,,,,1.52,0.79,1.30*11	1770370106.722290
$GNGSA,A,3,81,78,79,80,82,88,69,,,,,,1.52,0.79,1.30*13	1770370106.722344
$GPGSV,4,1,15,06,38,072,37,11,42,133,21,12,56,328,43,15,09,201,*70	1770370106.826252
$GPGSV,4,2,15,17,04,046,31,19,27,044,39,20,02,182,,22,05,085,18*74	1770370106.826571
$GPGSV,4,3,15,24,77,203,40,25,23,294,43,29,15,230,26,32,09,316,37*75	1770370106.930242
$GPGSV,4,4,15,36,50,201,42,40,44,148,,49,40,227,35*49	1770370107.034506
$GLGSV,2,1,08,69,15,251,37,70,14,301,40,78,37,084,28,79,53,004,37*66	1770370107.034568
$GLGSV,2,2,08,80,16,314,41,81,68,124,35,82,30,183,29,88,33,037,41*6E	1770370107.138309
$GNGLL,3252.79107,N,03516.28085,E,092811.00,A,A*7C	1770370107.242337
$GNRMC,092812.00,A,3252.79120,N,03516.28085,E,0.032,,060226,,,A*62	1770370107.450233
$GNVTG,,T,,M,0.032,N,0.060,K,A*3A	1770370107.554261
$GNGGA,092812.00,3252.79120,N,03516.28085,E,1,12,0.74,256.1,M,18.9,M,,*4F	1770370107.658222
$GNGSA,A,3,24,06,12,19,11,29,25,,,,,,1.50,0.74,1.30*1E	1770370107.658273
$GNGSA,A,3,81,78,79,80,82,88,69,,,,,,1.50,0.74,1.30*1C	1770370107.762286
$GPGSV,4,1,15,06,38,072,34,11,42,133,22,12,56,328,42,15,09,201,*71	1770370107.762342
$GPGSV,4,2,15,17,04,046,32,19,27,044,41,20,02,182,,22,05,085,17*77	1770370107.866642
$GPGSV,4,3,15,24,77,203,38,25,23,294,45,29,15,230,28,32,09,316,37*72	1770370107.970350
$GPGSV,4,4,15,36,50,201,42,40,44,148,,49,40,227,33*4F	1770370107.970407
$GLGSV,2,1,08,69,15,251,37,70,14,301,40,78,37,084,28,79,53,004,38*69	1770370108.074693
$GLGSV,2,2,08,80,16,314,42,81,68,124,35,82,30,183,28,88,33,037,41*6C	1770370108.178207
$GNGLL,3252.79120,N,03516.28085,E,092812.00,A,A*7A	1770370108.178262
$GNRMC,092813.00,A,3252.79131,N,03516.28087,E,0.027,,060226,,,A*65	1770370108.490240
$GNVTG,,T,,M,0.027,N,0.049,K,A*35	1770370108.490292
$GNGGA,092813.00,3252.79131,N,03516.28087,E,1,12,0.74,256.1,M,18.9,M,,*4C	1770370108.594209
$GNGSA,A,3,24,06,12,19,11,29,25,,,,,,1.50,0.74,1.30*1E	1770370108.698219
$GNGSA,A,3,81,78,79,80,82,88,69,,,,,,1.50,0.74,1.30*1C	1770370108.698311
$GPGSV,4,1,15,06,38,072,33,11,42,133,21,12,56,328,42,15,09,201,*75	1770370108.802219
$GPGSV,4,2,15,17,04,046,33,19,27,044,41,20,02,182,,22,05,085,15*74	1770370108.906331
$GPGSV,4,3,15,24,77,203,38,25,23,294,45,29,15,230,29,32,09,316,37*73	1770370108.906386
$GPGSV,4,4,15,36,50,201,42,40,44,148,,49,40,227,33*4F	1770370109.010238
$GLGSV,2,1,08,69,15,251,37,70,14,301,38,78,37,084,29,79,53,004,38*67	1770370109.114300
$GLGSV,2,2,08,80,16,314,41,81,68,124,34,82,30,183,29,88,33,037,40*6E	1770370109.114354
$GNGLL,3252.79131,N,03516.28087,E,092813.00,A,A*79	1770370109.218247
$GNRMC,092814.00,A,3252.79144,N,03516.28092,E,0.119,,060226,,,D*6D	1770370109.530229
$GNVTG,,T,,M,0.119,N,0.221,K,D*30	1770370109.530318
$GNGGA,092814.00,3252.79144,N,03516.28092,E,2,12,0.74,256.2,M,18.9,M,,0000*4D	1770370109.634239
$GNGSA,A,3,24,06,12,19,11,29,25,,,,,,1.50,0.74,1.30*1E	1770370109.634291
$GNGSA,A,3,81,78,79,80,82,88,69,,,,,,1.50,0.74,1.30*1C	1770370109.738285
$GPGSV,4,1,15,06,38,072,29,11,42,133,23,12,56,328,42,15,09,201,*7C	1770370109.842258
$GPGSV,4,2,15,17,04,046,33,19,27,044,41,20,02,182,,22,05,085,13*72	1770370109.842311
$GPGSV,4,3,15,24,77,203,40,25,23,294,45,29,15,230,29,32,09,316,36*7D	1770370109.946240
$GPGSV,4,4,15,36,50,201,40,40,44,148,,49,40,227,34*4A	1770370110.050230
$GLGSV,2,1,08,69,15,251,37,70,14,301,39,78,37,084,29,79,53,004,37*69	1770370110.050280
$GLGSV,2,2,08,80,16,314,39,81,68,124,34,82,30,183,28,88,33,037,40*60	1770370110.154237
$GNGLL,3252.79144,N,03516.28092,E,092814.00,A,D*7D	1770370110.154291
$GNRMC,092815.00,A,3252.79139,N,03516.28094,E,0.561,209.93,060226,,,D*74	1770370110.570313
$GNVTG,209.93,T,,M,0.561,N,1.039,K,D*2E	1770370110.570368
$GNGGA,092815.00,3252.79139,N,03516.28094,E,2,12,0.74,256.1,M,18.9,M,,0000*43	1770370110.674226
$GNGSA,A,3,24,06,12,19,11,29,25,,,,,,1.50,0.74,1.30*1E	1770370110.674316
$GNGSA,A,3,81,78,79,80,82,88,69,,,,,,1.50,0.74,1.30*1C	1770370110.778407
$GPGSV,4,1,15,06,38,072,30,11,42,133,27,12,56,328,42,15,09,201,*70	1770370110.778458
$GPGSV,4,2,15,17,04,046,33,19,27,044,40,20,02,182,,22,05,085,17*77	1770370110.882375
$GPGSV,4,3,15,24,77,203,39,25,23,294,43,29,15,230,34,32,09,316,36*79	1770370110.986266
$GPGSV,4,4,15,36,50,201,40,40,44,148,,49,40,227,36*48	1770370110.986322
$GLGSV,2,1,08,69,15,251,36,70,14,301,40,78,37,084,31,79,53,004,40*6F	1770370111.090295
$GLGSV,2,2,08,80,16,314,44,81,68,124,34,82,30,183,30,88,33,037,43*60	1770370111.194291
$GNGLL,3252.79139,N,03516.28094,E,092815.00,A,D*70	1770370111.194345
$GNRMC,092816.00,A,3252.79083,N,03516.28085,E,2.204,192.66,060226,,,D*7A	1770370111.506267
$GNVTG,192.66,T,,M,2.204,N,4.082,K,D*26	1770370111.610300
$GNGGA,092816.00,3252.79083,N,03516.28085,E,2,12,0.74,256.4,M,18.9,M,,0000*45	1770370111.610353
$GNGSA,A,3,24,06,12,19,11,29,25,,,,,,1.50,0.74,1.30*1E	1770370111.714243
$GNGSA,A,3,81,78,79,80,82,88,69,,,,,,1.50,0.74,1.30*1C	1770370111.714294
$GPGSV,4,1,15,06,38,072,38,11,42,133,37,12,56,328,44,15,09,201,*7F	1770370111.818252
$GPGSV,4,2,15,17,04,046,42,19,27,044,48,20,02,182,,22,05,085,21*7C	1770370111.922261
$GPGSV,4,3,15,24,77,203,38,25,23,294,39,29,15,230,28,32,09,315,38*75	1770370111.922313
$GPGSV,4,4,15,36,50,201,40,40,44,148,,49,40,227,41*48	1770370112.026270
$GLGSV,2,1,08,69,15,251,35,70,14,301,38,78,37,084,35,79,53,004,41*66	1770370112.130242
$GLGSV,2,2,08,80,16,314,43,81,68,124,31,82,30,183,28,88,33,037,38*67	1770370112.130295
$GNGLL,3252.79083,N,03516.28085,E,092816.00,A,D*73	1770370112.234254
$GNRMC,092817.00,A,3252.79035,N,03516.28073,E,2.096,199.16,060226,,,D*7A	1770370112.546266
$GNVTG,199.16,T,,M,2.096,N,3.881,K,D*2F	1770370112.546320
$GNGGA,092817.00,3252.79035,N,03516.28073,E,2,12,0.74,256.5,M,18.9,M,,0000*41	1770370112.650261
$GNGSA,A,3,24,06,12,19,11,29,25,,,,,,1.50,0.74,1.30*1E	1770370112.650317
$GNGSA,A,3,81,78,79,80,82,88,69,,,,,,1.50,0.74,1.30*1C	1770370112.754283
$GPGSV,4,1,15,06,38,072,41,11,42,133,38,12,56,328,42,15,09,201,*78	1770370112.858272
$GPGSV,4,2,15,17,04,046,39,19,27,044,46,20,02,182,,22,05,085,23*7C	1770370112.858326
$GPGSV,4,3,15,24,77,203,38,25,23,294,36,29,15,230,37,32,09,315,36*7A	1770370112.962224
$GPGSV,4,4,15,36,50,201,33,40,44,148,,49,40,227,37*4D	1770370112.962313
$GLGSV,2,1,08,69,15,251,36,70,14,301,37,78,37,084,39,79,53,004,41*66	1770370113.066585
$GLGSV,2,2,08,80,16,314,42,81,68,124,29,82,30,183,27,88,33,037,44*6B	1770370113.170227
$GNGLL,3252.79035,N,03516.28073,E,092817.00,A,D*76	1770370113.170314
$GNRMC,092818.00,A,3252.78987,N,03516.28030,E,2.410,211.77,060226,,,D*7D	1770370113.482276
$GNVTG,211.77,T,,M,2.410,N,4.463,K,D*26	1770370113.586299
$GNGGA,092818.00,3252.78987,N,03516.28030,E,2,12,0.74,256.6,M,18.9,M,,0000*4B	1770370113.586352
$GNGSA,A,3,24,06,12,19,11,29,25,,,,,,1.50,0.74,1.30*1E	1770370113.690244
$GNGSA,A,3,81,78,79,80,82,88,69,,,,,,1.50,0.74,1.30*1C	1770370113.794325
$GPGSV,4,1,15,06,38,072,42,11,42,133,38,12,56,328,42,15,09,201,*7B	1770370113.794380
$GPGSV,4,2,15,17,04,046,38,19,27,044,48,20,02,182,,22,05,085,24*74	1770370113.898271
$GPGSV,4,3,15,24,77,203,36,25,23,294,37,29,15,230,33,32,09,315,35*72	1770370114.002229
$GPGSV,4,4,15,36,50,201,33,40,44,148,,49,40,227,40*4D	1770370114.002279
$GLGSV,2,1,08,69,15,251,35,70,14,301,37,78,37,084,38,79,53,004,39*6B	1770370114.106247
$GLGSV,2,2,08,80,16,314,43,81,68,124,36,82,30,183,27,88,33,037,44*64	1770370114.210299
$GNGLL,3252.78987,N,03516.28030,E,092818.00,A,D*7F	1770370114.210353
$GNRMC,092819.00,A,3252.78924,N,03516.27986,E,3.019,209.97,060226,,,D*75	1770370114.522258
$GNVTG,209.97,T,,M,3.019,N,5.591,K,D*20	1770370114.522312
$GNGGA,092819.00,3252.78924,N,03516.27986,E,2,12,0.74,256.8,M,18.9,M,,0000*46	1770370114.626193
$GNGSA,A,3,24,06,12,19,11,29,25,,,,,,1.50,0.74,1.30*1E	1770370114.730253
$GNGSA,A,3,81,78,79,80,82,88,69,,,,,,1.50,0.74,1.30*1C	1770370114.730305
$GPGSV,4,1,15,06,38,072,43,11,42,133,38,12,56,328,43,15,09,201,26*7F	1770370114.834286
$GPGSV,4,2,15,17,04,046,30,19,27,044,47,20,02,182,,22,05,085,24*73	1770370114.938341
$GPGSV,4,3,15,24,77,203,38,25,23,294,39,29,15,230,31,32,09,315,37*72	1770370114.938395
$GPGSV,4,4,15,36,50,201,32,40,44,148,,49,40,227,37*4C	1770370115.042251
$GLGSV,2,1,08,69,15,251,35,70,14,301,37,78,37,084,39,79,53,004,41*65	1770370115.042304
$GLGSV,2,2,08,80,16,314,39,81,68,124,32,82,30,183,26,88,33,037,42*6A	1770370115.146295
$GNGLL,3252.78924,N,03516.27986,E,092819.00,A,D*7C	1770370115.250298
$GNRMC,092820.00,A,3252.78845,N,03516.27924,E,3.771,217.17,060226,,,D*7F	1770370115.458295
$GNVTG,217.17,T,,M,3.771,N,6.984,K,D*25	1770370115.562272
$GNGGA,092820.00,3252.78845,N,03516.27924,E,2,12,0.74,256.8,M,18.9,M,,0000*42	1770370115.666214
$GNGSA,A,3,24,06,12,19,11,29,25,,,,,,1.50,0.74,1.30*1E	1770370115.666265
$GNGSA,A,3,81,78,79,80,82,88,69,,,,,,1.50,0.74,1.30*1C	1770370115.770338
$GPGSV,4,1,15,06,38,072,47,11,42,133,42,12,56,328,43,15,09,201,24*74	1770370115.770390
$GPGSV,4,2,15,17,04,046,37,19,27,044,48,20,02,182,,22,05,085,23*7C	1770370115.874212
$GPGSV,4,3,15,24,77,203,38,25,23,294,37,29,15,230,30,32,09,315,33*79	1770370115.978508
$GPGSV,4,4,15,36,50,201,30,40,44,148,,49,40,227,36*4F	1770370115.978566
$GLGSV,2,1,08,69,15,251,35,70,14,301,33,78,37,084,41,79,53,004,39*61	1770370116.082292
$GLGSV,2,2,08,80,16,314,36,81,68,124,31,82,30,183,25,88,33,037,45*62	1770370116.186198
$GNGLL,3252.78845,N,03516.27924,E,092820.00,A,D*78	1770370116.186287
$GNRMC,092821.00,A,3252.78781,N,03516.27845,E,3.276,223.91,060226,,,D*74	1770370116.498321
$GNVTG,223.91,T,,M,3.276,N,6.066,K,D*2B	1770370116.498375
$GNGGA,092821.00,3252.78781,N,03516.27845,E,2,12,0.74,256.8,M,18.9,M,,0000*42	1770370116.602244
$GNGSA,A,3,24,06,12,19,11,29,25,,,,,,1.50,0.74,1.30*1E	1770370116.706353
$GNGSA,A,3,81,78,79,80,82,88,69,,,,,,1.50,0.74,1.30*1C	1770370116.706405
$GPGSV,4,1,15,06,38,072,45,11,42,133,41,12,56,328,39,15,09,201,23*7F	1770370116.810328
$GPGSV,4,2,15,17,04,046,37,19,27,044,46,20,02,182,,22,05,085,32*72	1770370116.914261
$GPGSV,4,3,15,24,77,203,37,25,23,294,38,29,15,230,27,32,09,315,35*79	1770370116.914316
$GPGSV,4,4,15,36,50,201,,40,44,148,,49,40,227,36*4C	1770370117.018240
$GLGSV,2,1,08,69,15,251,34,70,14,301,33,78,37,084,43,79,53,004,42*6E	1770370117.122229
$GLGSV,2,2,08,80,16,314,36,81,68,124,32,82,30,183,24,88,33,037,44*61	1770370117.122320
$GNGLL,3252.78781,N,03516.27845,E,092821.00,A,D*78	1770370117.226206
$GNRMC,092822.00,A,3252.78734,N,03516.27761,E,2.889,230.41,060226,,,D*74	1770370117.538222
$GNVTG,230.41,T,,M,2.889,N,5.351,K,D*2B	1770370117.538273
$GNGGA,092822.00,3252.78734,N,03516.27761,E,2,12,0.74,257.0,M,18.9,M,,0000*4F	1770370117.642254
$GNGSA,A,3,24,06,12,19,15,11,29,25,,,,,1.50,0.74,1.30*1A	1770370117.642306
$GNGSA,A,3,81,78,79,80,82,88,69,,,,,,1.50,0.74,1.30*1C	1770370117.746233
$GPGSV,4,1,15,06,38,072,44,11,42,133,41,12,56,328,40,15,09,201,22*71	1770370117.850258
$GPGSV,4,2,15,17,04,046,37,19,27,044,48,20,02,182,,22,05,085,32*7C	1770370117.850312
$GPGSV,4,3,15,24,77,203,37,25,23,294,40,29,15,230,26,32,09,315,31*73	1770370117.954238
$GPGSV,4,4,15,36,50,201,,40,44,148,,49,40,227,31*4B	1770370118.059183
$GLGSV,2,1,08,69,15,251,32,70,14,301,37,78,37,084,43,79,53,004,40*6E	1770370118.059250
$GLGSV,2,2,08,80,16,314,35,81,68,124,32,82,30,183,23,88,33,037,45*64	1770370118.162243
$GNGLL,3252.78734,N,03516.27761,E,092822.00,A,D*7C	1770370118.162298
$GNRMC,092823.00,A,3252.78703,N,03516.27679,E,2.696,239.55,060226,,,D*75	1770370118.474282
$GNVTG,239.55,T,,M,2.696,N,4.993,K,D*22	1770370118.578241
$GNGGA,092823.00,3252.78703,N,03516.27679,E,2,12,0.74,257.5,M,18.9,M,,0000*47	1770370118.682249
$GNGSA,A,3,24,06,12,19,11,29,25,,,,,,1.50,0.74,1.30*1E	1770370118.682303
$GNGSA,A,3,81,78,79,80,82,88,69,,,,,,1.50,0.74,1.30*1C	1770370118.786213
$GPGSV,4,1,16,06,38,072,46,11,42,133,41,12,56,328,40,15,09,201,*70	1770370118.786266
$GPGSV,4,2,16,17,04,046,37,19,27,044,44,20,02,182,,22,05,085,30*71	1770370118.890272
$GPGSV,4,3,16,24,77,203,37,25,23,294,40,29,15,230,24,32,09,315,38*7B	1770370118.994214
$GPGSV,4,4,16,36,50,201,,40,44,148,,41,27,116,43,49,40,227,33*7B	1770370118.994266
$GLGSV,2,1,08,69,15,251,29,70,14,301,38,78,37,084,42,79,53,004,37*6A	1770370119.098259
$GLGSV,2,2,08,80,16,314,35,81,68,124,32,82,30,183,23,88,33,037,43*62	1770370119.202236
$GNGLL,3252.78703,N,03516.27679,E,092823.00,A,D*71	1770370119.202290
$GNRMC,092824.00,A,3252.78668,N,03516.27592,E,3.081,244.00,060226,,,D*73	1770370119.514342
$GNVTG,244.00,T,,M,3.081,N,5.707,K,D*2B	1770370119.514397
$GNGGA,092824.00,3252.78668,N,03516.27592,E,2,12,0.78,257.8,M,18.9,M,,0000*4B	1770370119.618241
$GNGSA,A,3,24,06,12,19,11,29,25,,,,,,1.57,0.78,1.36*13	1770370119.722255
$GNGSA,A,3,81,78,79,80,82,88,69,,,,,,1.57,0.78,1.36*11	1770370119.722530
$GPGSV,4,1,16,06,38,072,45,11,42,133,42,12,56,328,41,15,09,201,20*73	1770370119.826356
$GPGSV,4,2,16,17,04,046,31,19,27,044,46,20,02,182,,22,05,085,29*7D	1770370119.930230
$GPGSV,4,3,16,24,77,203,37,25,23,294,43,29,15,230,23,32,09,315,38*7F	1770370119.930285
$GPGSV,4,4,16,36,50,201,,40,44,148,,41,27,116,40,49,40,227,33*78	1770370120.034222
$GLGSV,2,1,08,69,15,251,27,70,14,301,38,78,37,084,40,79,53,004,38*69	1770370120.138277
$GLGSV,2,2,08,80,16,314,42,81,68,124,32,82,30,183,22,88,33,037,44*64	1770370120.138331
$GNGLL,3252.78668,N,03516.27592,E,092824.00,A,D*7C	1770370120.242266
$GNRMC,092825.00,A,3252.78630,N,03516.27499,E,3.100,245.96,060226,,,D*73	1770370120.450307
$GNVTG,245.96,T,,M,3.100,N,5.741,K,D*2F	1770370120.554229
$GNGGA,092825.00,3252.78630,N,03516.27499,E,2,12,0.78,257.8,M,18.9,M,,0000*4D	1770370120.658293
$GNGSA,A,3,24,06,12,19,11,29,25,,,,,,1.57,0.78,1.36*13	1770370120.658347
$GNGSA,A,3,81,78,79,80,82,88,69,,,,,,1.57,0.78,1.36*11	1770370120.762278
$GPGSV,4,1,16,06,38,072,46,11,42,133,40,12,56,328,40,15,09,201,*71	1770370120.762332
$GPGSV,4,2,16,17,04,046,32,19,27,044,45,20,02,182,,22,05,085,28*7C	1770370120.866370
$GPGSV,4,3,16,24,77,203,37,25,23,294,40,29,15,230,23,32,09,315,38*7C	1770370120.970740
$GPGSV,4,4,16,36,50,201,,40,44,148,,41,27,116,40,49,40,227,33*78	1770370121.078541
$GLGSV,2,1,08,69,15,251,26,70,14,301,40,78,37,084,43,79,53,004,38*64	1770370121.078594
$GLGSV,2,2,08,80,16,314,39,81,68,124,32,82,30,183,21,88,33,037,43*6C	1770370121.182458
$GNGLL,3252.78630,N,03516.27499,E,092825.00,A,D*7A	1770370121.182512
$GNRMC,092826.00,A,3252.78600,N,03516.27402,E,3.191,250.79,060226,,,D*7C	1770370121.494442
$GNVTG,250.79,T,,M,3.191,N,5.911,K,D*29	1770370121.494498
$GNGGA,092826.00,3252.78600,N,03516.27402,E,2,12,0.78,257.6,M,18.9,M,,0000*41	1770370121.598465
$GNGSA,A,3,24,06,12,19,11,29,25,,,,,,1.57,0.78,1.36*13	1770370121.702542
$GNGSA,A,3,81,78,79,80,82,88,69,,,,,,1.57,0.78,1.36*11	1770370121.702593
$GPGSV,4,1,16,06,38,072,46,11,42,133,40,12,56,328,43,15,09,201,*72	1770370121.806399
$GPGSV,4,2,16,17,04,046,32,19,27,044,45,20,02,182,,22,05,085,25*71	1770370121.910468
$GPGSV,4,3,16,24,77,203,40,25,23,294,32,29,15,230,23,32,09,315,31*70	1770370121.910522
$GPGSV,4,4,16,36,50,201,,40,44,148,,41,27,116,44,49,40,227,32*7D	1770370122.014436
$GLGSV,2,1,08,69,15,251,24,70,14,301,39,78,37,084,41,79,53,004,40*65	1770370122.118665
$GLGSV,2,2,08,80,16,314,39,81,68,124,33,82,30,183,21,88,33,037,43*6D	1770370122.118719
$GNGLL,3252.78600,N,03516.27402,E,092826.00,A,D*78	1770370122.222442
$GNRMC,092827.00,A,3252.78584,N,03516.27298,E,3.192,255.17,060226,,,D*79	1770370122.534472
$GNVTG,255.17,T,,M,3.192,N,5.912,K,D*24	1770370122.534526
$GNGGA,092827.00,3252.78584,N,03516.27298,E,2,12,0.84,257.4,M,18.9,M,,0000*4B	1770370122.638468
$GNGSA,A,3,24,06,12,19,11,29,25,,,,,,1.70,0.84,1.48*1C	1770370122.638519
$GNGSA,A,3,81,78,79,80,82,88,69,,,,,,1.70,0.84,1.48*1E	1770370122.742424
$GPGSV,4,1,16,06,38,072,43,11,42,133,28,12,56,328,42,15,09,201,*78	1770370122.846405
$GPGSV,4,2,16,17,04,046,30,19,27,044,44,20,02,182,,22,05,085,24*73	1770370122.846457
$GPGSV,4,3,16,24,77,203,36,25,23,294,34,29,15,230,22,32,09,315,37*70	1770370122.950512
$GPGSV,4,4,16,36,50,201,,40,44,148,,41,27,116,45,49,40,227,31*7F	1770370123.054417
$GLGSV,2,1,08,69,15,251,24,70,14,301,32,78,37,084,40,79,53,004,34*6C	1770370123.054472
$GLGSV,2,2,08,80,16,314,41,81,68,124,34,82,30,183,23,88,33,037,42*66	1770370123.158460
$GNGLL,3252.78584,N,03516.27298,E,092827.00,A,D*73	1770370123.262438
$GNRMC,092828.00,A,3252.78578,N,03516.27199,E,3.019,260.78,060226,,,D*7A	1770370123.470470
$GNVTG,260.78,T,,M,3.019,N,5.590,K,D*2F	1770370123.574490
$GNGGA,092828.00,3252.78578,N,03516.27199,E,2,12,0.84,257.4,M,18.9,M,,0000*45	1770370123.678533
$GNGSA,A,3,24,06,12,19,11,29,25,,,,,,1.70,0.84,1.48*1C	1770370123.678588
$GNGSA,A,3,81,78,79,80,82,88,69,,,,,,1.70,0.84,1.48*1E	1770370123.782398
$GPGSV,4,1,16,06,38,072,44,11,42,133,34,12,56,328,44,15,09,201,*74	1770370123.782487
$GPGSV,4,2,16,17,04,046,28,19,27,044,43,20,02,182,,22,05,085,24*7D	1770370123.886409
$GPGSV,4,3,16,24,77,203,39,25,23,294,34,29,15,230,23,32,09,315,37*7E	1770370123.990435
$GPGSV,4,4,16,36,50,201,,40,44,148,,41,27,116,42,49,40,227,*7A	1770370123.990491
$GLGSV,2,1,08,69,15,251,24,70,14,301,32,78,37,084,42,79,53,004,41*6C	1770370124.094453
$GLGSV,2,2,08,80,16,314,38,81,68,124,34,82,30,183,23,88,33,037,42*68	1770370124.198468
$GNGLL,3252.78578,N,03516.27199,E,092828.00,A,D*7D	1770370124.198525
$GNRMC,092829.00,A,3252.78567,N,03516.27108,E,2.744,262.29,060226,,,D*75	1770370124.510391
$GNVTG,262.29,T,,M,2.744,N,5.082,K,D*21	1770370124.510445
$GNGGA,092829.00,3252.78567,N,03516.27108,E,2,12,0.84,257.5,M,18.9,M,,0000*43	1770370124.614441
$GNGSA,A,3,24,06,12,19,11,29,25,,,,,,1.70,0.84,1.48*1C	1770370124.718473
$GNGSA,A,3,81,78,79,80,82,88,69,,,,,,1.70,0.84,1.48*1E	1770370124.718527
$GPGSV,4,1,16,06,38,072,45,11,42,133,30,12,56,328,42,15,09,201,*77	1770370124.822454
$GPGSV,4,2,16,17,04,046,26,19,27,044,43,20,02,182,,22,05,085,25*72	1770370124.926438
$GPGSV,4,3,16,24,77,203,38,25,23,294,34,29,15,230,23,32,09,315,29*70	1770370124.926492
$GPGSV,4,4,16,36,50,201,,40,44,148,,41,27,116,41,49,40,227,*79	1770370125.030493
$GLGSV,2,1,08,69,15,251,23,70,14,301,24,78,37,084,41,79,53,004,39*60	1770370125.134748
$GLGSV,2,2,08,80,16,314,35,81,68,124,34,82,30,183,23,88,33,037,41*66	1770370125.134804
$GNGLL,3252.78567,N,03516.27108,E,092829.00,A,D*7A	1770370125.237723
$GNRMC,092830.00,A,3252.78559,N,03516.27018,E,2.767,265.94,060226,,,D*70	1770370125.549752
$GNVTG,265.94,T,,M,2.767,N,5.124,K,D*2C	1770370125.549797
$GNGGA,092830.00,3252.78559,N,03516.27018,E,2,12,0.84,257.6,M,18.9,M,,0000*45	1770370125.653737
$GNGSA,A,3,24,06,12,19,11,25,,,,,,,1.70,0.84,1.48*17	1770370125.653781
$GNGSA,A,3,81,78,79,80,82,88,69,,,,,,1.70,0.84,1.48*1E	1770370125.757729
$GPGSV,4,1,16,06,38,072,43,11,42,133,37,12,56,328,42,15,09,201,*76	1770370125.861766
$GPGSV,4,2,16,17,04,046,24,19,27,044,42,20,02,182,,22,05,085,25*71	1770370125.861809
$GPGSV,4,3,16,24,77,203,40,25,23,294,34,29,15,230,,32,09,315,35*73	1770370125.966414
$GPGSV,4,4,16,36,50,201,,40,44,148,,41,27,116,33,49,40,227,*7C	1770370126.071568
$GLGSV,2,1,08,69,15,251,23,70,14,301,31,78,37,084,44,79,53,004,32*6A	1770370126.071638
$GLGSV,2,2,08,80,16,314,33,81,68,124,35,82,30,183,22,88,33,037,39*6F	1770370126.174410
$GNGLL,3252.78559,N,03516.27018,E,092830.00,A,D*7F	1770370126.174461
$GNRMC,092831.00,A,3252.78549,N,03516.26933,E,2.678,265.67,060226,,,D*72	1770370126.486392
$GNVTG,265.67,T,,M,2.678,N,4.960,K,D*26	1770370126.590543
$GNGGA,092831.00,3252.78549,N,03516.26933,E,2,12,0.84,257.8,M,18.9,M,,0000*4A	1770370126.590596
$GNGSA,A,3,24,06,12,19,11,25,,,,,,,1.70,0.84,1.48*17	1770370126.694490
$GNGSA,A,3,81,78,79,80,82,88,69,,,,,,1.70,0.84,1.48*1E	1770370126.694542
$GPGSV,4,1,16,06,38,072,45,11,42,133,43,12,56,328,40,15,09,201,*71	1770370126.798436
$GPGSV,4,2,16,17,04,046,23,19,27,044,45,20,02,182,,22,05,085,24*70	1770370126.902438
$GPGSV,4,3,16,24,77,203,37,25,23,294,33,29,15,230,,32,09,315,30*71	1770370126.902494
$GPGSV,4,4,16,36,50,201,,40,44,148,,41,27,116,33,49,40,227,*7C	1770370127.006451
$GLGSV,2,1,08,69,15,251,23,70,14,301,31,78,37,084,43,79,53,004,37*68	1770370127.110387
$GLGSV,2,2,08,80,16,314,37,81,68,124,35,82,30,183,22,88,33,037,39*6B	1770370127.110479
$GNGLL,3252.78549,N,03516.26933,E,092831.00,A,D*7E	1770370127.214436
$GNRMC,092832.00,A,3252.78549,N,03516.26843,E,2.796,270.41,060226,,,D*76	1770370127.526391
$GNVTG,270.41,T,,M,2.796,N,5.178,K,D*27	1770370127.526442
$GNGGA,092832.00,3252.78549,N,03516.26843,E,2,12,0.84,258.0,M,18.9,M,,0000*48	1770370127.630402
$GNGSA,A,3,24,06,12,19,11,25,,,,,,,1.70,0.84,1.48*17	1770370127.630457
$GNGSA,A,3,81,78,79,80,82,88,69,,,,,,1.70,0.84,1.48*1E	1770370127.734499
$GPGSV,4,1,16,06,38,072,40,11,42,133,44,12,56,328,43,15,09,201,*70	1770370127.838584
$GPGSV,4,2,16,17,04,046,23,19,27,044,44,20,02,182,,22,05,085,25*70	1770370127.838640
$GPGSV,4,3,16,24,77,203,40,25,23,294,33,29,15,230,28,32,09,315,35*7E	1770370127.942501
$GPGSV,4,4,16,36,50,201,,40,44,148,,41,27,116,31,49,40,227,*7E	1770370128.046425
$GLGSV,2,1,08,69,15,251,22,70,14,301,29,78,37,084,43,79,53,004,37*60	1770370128.046700
$GLGSV,2,2,08,80,16,314,40,81,68,124,34,82,30,183,23,88,33,037,41*64	1770370128.150488
$GNGLL,3252.78549,N,03516.26843,E,092832.00,A,D*7B	1770370128.254392
$GNRMC,092833.00,A,3252.78553,N,03516.26757,E,2.574,276.53,060226,,,D*7D	1770370128.566395
$GNVTG,276.53,T,,M,2.574,N,4.768,K,D*2A	1770370128.566482
$GNGGA,092833.00,3252.78553,N,03516.26757,E,2,12,0.84,257.9,M,18.9,M,,0000*4E	1770370128.670699
$GNGSA,A,3,24,06,12,19,11,25,,,,,,,1.70,0.84,1.48*17	1770370128.670756
$GNGSA,A,3,81,78,79,80,82,88,69,,,,,,1.70,0.84,1.48*1E	1770370128.774428
$GPGSV,4,1,16,06,38,072,44,11,42,133,42,12,56,328,43,15,09,201,*72	1770370128.774481
$GPGSV,4,2,16,17,04,046,23,19,27,044,46,20,02,182,,22,05,085,25*72	1770370128.878484
$GPGSV,4,3,16,24,77,203,38,25,23,294,32,29,15,230,26,32,09,315,35*7E	1770370128.982467
$GPGSV,4,4,16,36,50,201,,40,44,148,,41,27,116,30,49,40,227,*7F	1770370128.982523
$GLGSV,2,1,08,69,15,251,21,70,14,301,27,78,37,084,39,79,53,004,34*63	1770370129.086475
$GLGSV,2,2,08,80,16,314,34,81,68,124,34,82,30,183,25,88,33,037,43*63	1770370129.190588
$GNGLL,3252.78553,N,03516.26757,E,092833.00,A,D*7B	1770370129.190678
$GNRMC,092834.00,A,3252.78550,N,03516.26659,E,3.046,276.27,060226,,,A*75	1770370129.502396
$GNVTG,276.27,T,,M,3.046,N,5.640,K,A*23	1770370129.606415
$GNGGA,092834.00,3252.78550,N,03516.26659,E,1,12,0.84,258.2,M,18.9,M,,*42	1770370129.606467
$GNGSA,A,3,24,06,12,19,11,25,,,,,,,1.70,0.84,1.48*17	1770370129.710447
$GNGSA,A,3,81,78,79,80,82,88,69,,,,,,1.70,0.84,1.48*1E	1770370129.710501
$GPGSV,4,1,15,06,38,072,44,11,42,133,47,12,56,328,43,15,09,201,*74	1770370129.814532
$GPGSV,4,2,15,17,04,046,23,19,27,044,44,20,02,182,,22,05,085,25*73	1770370129.918528
$GPGSV,4,3,15,24,77,203,35,25,23,294,36,29,15,230,,32,09,315,38*7D	1770370129.918583
$GPGSV,4,4,15,36,50,201,37,40,44,148,,49,40,227,*4D	1770370130.022446
$GLGSV,2,1,08,69,15,251,22,70,14,301,24,78,37,084,41,79,53,004,36*6E	1770370130.126484
$GLGSV,2,2,08,80,16,314,34,81,68,124,35,82,30,183,26,88,33,037,42*60	1770370130.126537
$GNGLL,3252.78550,N,03516.26659,E,092834.00,A,A*75	1770370130.230411
$GNRMC,092835.00,A,3252.78541,N,03516.26550,E,3.574,272.02,060226,,,A*79	1770370130.542401
$GNVTG,272.02,T,,M,3.574,N,6.620,K,A*21	1770370130.542452
$GNGGA,092835.00,3252.78541,N,03516.26550,E,1,12,0.84,258.2,M,18.9,M,,*49	1770370130.646397
$GNGSA,A,3,24,06,12,19,11,25,,,,,,,1.70,0.84,1.48*17	1770370130.646449
$GNGSA,A,3,81,78,79,80,82,88,69,,,,,,1.70,0.84,1.48*1E	1770370130.750708
$GPGSV,4,1,15,06,38,072,45,11,42,133,45,12,56,328,43,15,09,201,*77	1770370130.750762
$GPGSV,4,2,15,17,04,046,22,19,27,044,45,20,02,182,,22,05,085,25*73	1770370130.854446
$GPGSV,4,3,15,24,77,203,38,25,23,294,30,29,15,230,,32,09,315,25*7A	1770370130.958474
$GPGSV,4,4,15,36,50,201,36,40,44,148,,49,40,227,*4C	1770370130.958528
$GLGSV,2,1,08,69,15,251,23,70,14,301,26,78,37,084,43,79,53,004,35*6C	1770370131.062851
$GLGSV,2,2,08,80,16,314,34,81,68,124,34,82,30,183,28,88,33,037,41*6C	1770370131.166480
$GNGLL,3252.78541,N,03516.26550,E,092835.00,A,A*7E	1770370131.166538
$GNRMC,092836.00,A,3252.78544,N,03516.26474,E,2.562,272.41,060226,,,A*79	1770370131.478479
$GNVTG,272.41,T,,M,2.562,N,4.744,K,A*21	1770370131.582425
$GNGGA,092836.00,3252.78544,N,03516.26474,E,1,12,0.84,259.5,M,18.9,M,,*4E	1770370131.582480
$GNGSA,A,3,24,06,12,19,11,25,,,,,,,1.70,0.84,1.48*17	1770370131.686397
$GNGSA,A,3,81,78,79,80,82,88,69,,,,,,1.70,0.84,1.48*1E	1770370131.686449
$GPGSV,4,1,15,06,38,072,44,11,42,133,46,12,56,328,43,15,09,201,*75	1770370131.790369
$GPGSV,4,2,15,17,04,046,23,19,27,044,46,20,02,182,,22,05,085,26*72	1770370131.894450
$GPGSV,4,3,15,24,77,203,39,25,23,294,30,29,15,230,,32,09,315,28*76	1770370131.894503
$GPGSV,4,4,15,36,50,201,33,40,44,148,,49,40,227,*49	1770370131.998505
$GLGSV,2,1,08,69,15,251,22,70,14,301,26,78,37,084,39,79,53,004,35*60	1770370132.102449
$GLGSV,2,2,08,80,16,314,32,81,68,124,31,82,30,183,26,88,33,037,40*60	1770370132.102503
$GNGLL,3252.78544,N,03516.26474,E,092836.00,A,A*7F	1770370132.206365
$GNRMC,092837.00,A,3252.78545,N,03516.26394,E,2.562,274.75,060226,,,A*71	1770370132.518547
$GNVTG,274.75,T,,M,2.562,N,4.746,K,A*22	1770370132.518603
$GNGGA,092837.00,3252.78545,N,03516.26394,E,1,12,0.84,260.1,M,18.9,M,,*49	1770370132.622413
$GNGSA,A,3,24,06,12,19,11,25,,,,,,,1.70,0.84,1.48*17	1770370132.726403
$GNGSA,A,3,81,78,79,80,82,88,69,,,,,,1.70,0.84,1.48*1E	1770370132.726454
$GPGSV,4,1,15,06,38,072,44,11,42,133,45,12,56,328,43,15,09,201,*76	1770370132.830399
$GPGSV,4,2,15,17,04,046,23,19,27,044,45,20,02,182,,22,05,085,25*72	1770370132.830451
$GPGSV,4,3,15,24,77,203,37,25,23,294,29,29,15,230,29,32,09,315,28*7B	1770370132.934452
$GPGSV,4,4,15,36,50,201,37,40,44,148,,49,40,227,*4D	1770370133.038514
$GLGSV,2,1,08,69,15,251,22,70,14,301,26,78,37,084,39,79,53,004,37*62	1770370133.038569
$GLGSV,2,2,08,80,16,314,33,81,68,124,36,82,30,183,25,88,33,037,42*67	1770370133.142413
$GNGLL,3252.78545,N,03516.26394,E,092837.00,A,A*76	1770370133.246404
$GNRMC,092838.00,A,3252.78546,N,03516.26315,E,2.575,276.88,060226,,,A*72	1770370133.454530
$GNVTG,276.88,T,,M,2.575,N,4.769,K,A*29	1770370133.558568
$GNGGA,092838.00,3252.78546,N,03516.26315,E,1,12,0.76,260.8,M,18.9,M,,*48	1770370133.662482
$GNGSA,A,3,24,06,12,19,11,29,25,,,,,,1.55,0.76,1.34*1D	1770370133.662536
$GNGSA,A,3,81,78,79,80,82,88,69,,,,,,1.55,0.76,1.34*1F	1770370133.766430
$GPGSV,4,1,15,06,38,072,42,11,42,133,46,12,56,328,42,15,09,201,*72	1770370133.766484
$GPGSV,4,2,15,17,04,046,24,19,27,044,48,20,02,182,,22,05,085,25*78	1770370133.870406
$GPGSV,4,3,15,24,77,203,38,25,23,294,28,29,15,230,30,32,09,315,29*7C	1770370133.974444
$GPGSV,4,4,15,36,50,201,33,40,44,148,,49,40,227,*49	1770370133.974499
$GLGSV,2,1,08,69,14,250,21,70,14,301,26,78,37,084,42,79,53,004,37*6D	1770370134.078569
$GLGSV,2,2,08,80,16,314,37,81,68,124,33,82,30,183,25,88,33,037,42*66	1770370134.182429
$GNGLL,3252.78546,N,03516.26315,E,092838.00,A,A*73	1770370134.182483
$GNRMC,092839.00,A,3252.78548,N,03516.26244,E,2.235,277.19,060226,,,A*72	1770370134.494428
$GNVTG,277.19,T,,M,2.235,N,4.139,K,A*20	1770370134.494484
$GNGGA,092839.00,3252.78548,N,03516.26244,E,1,12,0.76,261.6,M,18.9,M,,*4D	1770370134.598504
$GNGSA,A,3,24,06,12,19,11,29,25,,,,,,1.55,0.76,1.34*1D	1770370134.702482
$GNGSA,A,3,81,78,79,80,82,88,69,,,,,,1.55,0.76,1.34*1F	1770370134.702536
$GPGSV,4,1,15,06,38,072,44,11,42,133,44,12,56,328,42,15,09,201,*76	1770370134.806429
$GPGSV,4,2,15,17,04,046,23,19,27,044,46,20,02,182,,22,05,085,25*71	1770370134.910566
$GPGSV,4,3,15,24,77,203,34,25,23,294,28,29,15,230,29,32,09,315,29*78	1770370134.910617
$GPGSV,4,4,15,36,50,201,37,40,44,148,,49,40,227,*4D	1770370135.014441
$GLGSV,2,1,08,69,14,250,22,70,14,301,26,78,37,084,42,79,53,004,37*6E	1770370135.118510
$GLGSV,2,2,08,80,16,314,32,81,68,124,33,82,30,183,24,88,33,037,42*62	1770370135.118562
$GNGLL,3252.78548,N,03516.26244,E,092839.00,A,A*79	1770370135.222416
$GNRMC,092840.00,A,3252.78558,N,03516.26200,E,1.475,281.20,060226,,,A*7F	1770370135.534418
$GNVTG,281.20,T,,M,1.475,N,2.732,K,A*29	1770370135.534468
$GNGGA,092840.00,3252.78558,N,03516.26200,E,1,12,0.76,262.9,M,18.9,M,,*4E	1770370135.638991
$GNGSA,A,3,24,06,12,19,11,29,25,,,,,,1.55,0.76,1.34*1D	1770370135.639047
$GNGSA,A,3,81,78,79,80,82,88,69,,,,,,1.55,0.76,1.34*1F	1770370135.742430
$GPGSV,4,1,15,06,38,072,46,11,42,133,44,12,56,328,41,15,09,201,*77	1770370135.846736
$GPGSV,4,2,15,17,04,046,23,19,27,044,45,20,02,182,,22,05,085,25*72	1770370135.846853
$GPGSV,4,3,15,24,77,203,38,25,23,294,30,29,15,230,27,32,09,315,30*7B	1770370135.950455
$GPGSV,4,4,15,36,50,201,40,40,44,148,,49,40,227,*4D	1770370135.950549
$GLGSV,2,1,08,69,14,250,23,70,14,301,27,78,37,084,42,79,53,004,37*6E	1770370136.054411
$GLGSV,2,2,08,80,16,314,35,81,68,124,34,82,30,183,26,88,33,037,40*62	1770370136.158484
$GNGLL,3252.78558,N,03516.26200,E,092840.00,A,A*76	1770370136.158538
$GNRMC,092841.00,A,3252.78554,N,03516.26133,E,2.053,274.38,060226,,,A*71	1770370136.470496
$GNVTG,274.38,T,,M,2.053,N,3.803,K,A*25	1770370136.574531
$GNGGA,092841.00,3252.78554,N,03516.26133,E,1,12,0.77,263.2,M,18.9,M,,*4B	1770370136.574583
$GNGSA,A,3,24,06,12,19,11,29,25,,,,,,1.55,0.77,1.34*1C	1770370136.678564
$GNGSA,A,3,81,78,79,80,82,88,69,,,,,,1.55,0.77,1.34*1E	1770370136.782467
$GPGSV,4,1,15,06,38,072,44,11,42,133,44,12,56,328,44,15,09,201,*70	1770370136.782523
$GPGSV,4,2,15,17,04,046,23,19,27,044,40,20,02,182,,22,05,085,33*70	1770370136.886448
$GPGSV,4,3,15,24,77,203,37,25,23,294,30,29,15,230,26,32,09,315,31*74	1770370136.990375
$GPGSV,4,4,15,36,50,201,38,40,44,148,,49,40,227,*42	1770370136.990464
$GLGSV,2,1,08,69,14,250,25,70,14,301,27,78,37,084,42,79,53,004,35*6A	1770370137.094452
$GLGSV,2,2,08,80,16,314,30,81,68,124,34,82,30,183,25,88,33,037,41*65	1770370137.198438
$GNGLL,3252.78554,N,03516.26133,E,092841.00,A,A*78	1770370137.198491
$GNRMC,092842.00,A,3252.78550,N,03516.26057,E,2.308,273.96,060226,,,A*7B	1770370137.510450
$GNVTG,273.96,T,,M,2.308,N,4.275,K,A*27	1770370137.510505
$GNGGA,092842.00,3252.78550,N,03516.26057,E,1,12,0.77,263.6,M,18.9,M,,*4B	1770370137.614491
$GNGSA,A,3,24,06,12,19,11,29,25,,,,,,1.55,0.77,1.34*1C	1770370137.718523
$GNGSA,A,3,81,78,79,80,82,88,69,,,,,,1.55,0.77,1.34*1E	1770370137.718578
$GPGSV,4,1,15,06,38,072,44,11,42,133,40,12,56,328,43,15,09,201,*73	1770370137.822403
$GPGSV,4,2,15,17,04,046,21,19,27,044,44,20,02,182,,22,05,085,32*77	1770370137.926466
$GPGSV,4,3,15,24,77,203,38,25,23,294,35,29,15,230,25,32,09,315,31*7D	1770370137.926519
$GPGSV,4,4,15,36,50,201,37,40,44,148,,49,40,227,*4D	1770370138.030499
$GLGSV,2,1,08,69,14,250,25,70,14,301,27,78,37,084,40,79,53,004,38*65	1770370138.030554
$GLGSV,2,2,08,80,16,314,30,81,68,124,34,82,30,183,27,88,33,037,44*62	1770370138.134404
$GNGLL,3252.78550,N,03516.26057,E,092842.00,A,A*7C	1770370138.238483
$GNRMC,092843.00,A,3252.78554,N,03516.25996,E,1.896,275.24,060226,,,A*79	1770370138.550452
$GNVTG,275.24,T,,M,1.896,N,3.511,K,A*25	1770370138.550510
$GNGGA,092843.00,3252.78554,N,03516.25996,E,1,12,0.77,264.8,M,18.9,M,,*40	1770370138.654498
$GNGSA,A,3,24,06,12,19,11,29,25,,,,,,1.55,0.77,1.34*1C	1770370138.654551
$GNGSA,A,3,81,78,79,80,82,88,69,,,,,,1.55,0.77,1.34*1E	1770370138.758568
$GPGSV,4,1,16,06,38,072,44,11,42,133,43,12,56,328,42,13,03,176,*7D	1770370138.862424
$GPGSV,4,2,16,15,09,201,,17,04,046,20,19,27,044,44,20,02,182,*72	1770370138.862477
$GPGSV,4,3,16,22,05,085,25,24,77,203,34,25,23,294,29,29,15,230,26*7E	1770370138.966405
$GPGSV,4,4,16,32,09,315,23,36,50,201,34,40,44,148,,49,40,227,*73	1770370139.072157
$GLGSV,2,1,08,69,14,250,23,70,14,301,29,78,37,084,39,79,53,004,38*63	1770370139.072215
$GLGSV,2,2,08,80,16,314,30,81,68,124,35,82,30,183,31,88,33,037,41*61	1770370139.174457
$GNGLL,3252.78554,N,03516.25996,E,092843.00,A,A*7E	1770370139.174511
$GNRMC,092844.00,A,3252.78559,N,03516.25922,E,2.096,279.42,060226,,,A*7B	1770370139.486475
$GNVTG,279.42,T,,M,2.096,N,3.882,K,A*25	1770370139.590528
$GNGGA,092844.00,3252.78559,N,03516.25922,E,1,12,0.77,265.0,M,18.9,M,,*4C	1770370139.590582
$GNGSA,A,3,24,06,12,19,11,29,25,,,,,,1.55,0.77,1.34*1C	1770370139.694402
$GNGSA,A,3,81,78,79,80,82,88,69,,,,,,1.55,0.77,1.34*1E	1770370139.694453
$GPGSV,4,1,16,06,38,072,42,11,42,133,43,12,56,328,40,13,03,176,*79	1770370139.798494
$GPGSV,4,2,16,15,09,201,21,17,04,046,19,19,27,044,46,20,02,182,*79	1770370139.902503
$GPGSV,4,3,16,22,05,085,26,24,77,203,34,25,23,294,29,29,15,230,26*7D	1770370140.006394
$GPGSV,4,4,16,32,09,315,26,36,50,201,37,40,44,148,,49,40,227,*75	1770370140.006443
$GLGSV,2,1,08,69,14,250,23,70,14,301,29,78,37,084,40,79,53,004,41*63	1770370140.110440
$GLGSV,2,2,08,80,16,314,31,81,68,124,35,82,30,183,28,88,33,037,43*6A	1770370140.214443
$GNGLL,3252.78559,N,03516.25922,E,092844.00,A,A*7B	1770370140.214495
$GNRMC,092845.00,A,3252.78554,N,03516.25832,E,2.458,274.10,060226,,,A*7B	1770370140.526382
$GNVTG,274.10,T,,M,2.458,N,4.552,K,A*2E	1770370140.526439
$GNGGA,092845.00,3252.78554,N,03516.25832,E,1,12,0.77,264.7,M,18.9,M,,*46	1770370140.630394
$GNGSA,A,3,24,06,12,19,11,29,25,,,,,,1.55,0.77,1.34*1C	1770370140.630488
$GNGSA,A,3,81,78,79,80,82,88,69,,,,,,1.55,0.77,1.34*1E	1770370140.734470
$GPGSV,4,1,16,06,38,072,45,11,42,133,42,12,56,328,38,13,03,176,*70	1770370140.838495
$GPGSV,4,2,16,15,09,201,21,17,04,046,18,19,27,044,44,20,02,182,*7A	1770370140.838549
$GPGSV,4,3,16,22,05,085,27,24,77,203,37,25,23,294,30,29,15,230,26*77	1770370140.942415
$GPGSV,4,4,16,32,09,315,32,36,50,201,34,40,44,148,,49,40,227,*73	1770370141.046395
$GLGSV,2,1,08,69,14,250,23,70,14,301,29,78,37,084,42,79,53,004,38*6F	1770370141.046446
$GLGSV,2,2,08,80,16,314,34,81,68,124,35,82,30,183,26,88,33,037,41*63	1770370141.150529
$GNGLL,3252.78554,N,03516.25832,E,092845.00,A,A*77	1770370141.254540
$GNRMC,092846.00,A,3252.78549,N,03516.25751,E,2.200,271.64,060226,,,A*73	1770370141.462530
$GNVTG,271.64,T,,M,2.200,N,4.074,K,A*22	1770370141.566393
$GNGGA,092846.00,3252.78549,N,03516.25751,E,1,12,0.77,264.5,M,18.9,M,,*41	1770370141.670403
$GNGSA,A,3,24,06,12,19,11,29,25,,,,,,1.55,0.77,1.34*1C	1770370141.670497
$GNGSA,A,3,81,78,79,80,82,88,69,,,,,,1.55,0.77,1.34*1E	1770370141.774704
$GPGSV,4,1,16,06,38,072,45,11,42,133,42,12,56,328,43,13,03,176,*7C	1770370141.774762
$GPGSV,4,2,16,15,09,201,,17,04,046,19,19,27,044,45,20,02,182,*79	1770370141.878472
$GPGSV,4,3,16,22,05,085,30,24,77,203,37,25,23,294,30,29,15,230,25*72	1770370141.982434
$GPGSV,4,4,16,32,09,315,32,36,50,201,37,40,44,148,,49,40,227,*70	1770370141.982486
$GLGSV,2,1,08,69,14,250,24,70,14,301,30,78,37,084,41,79,53,004,34*6F	1770370142.086415
$GLGSV,2,2,08,80,16,314,33,81,68,124,38,82,30,183,25,88,33,037,42*69	1770370142.190424
$GNGLL,3252.78549,N,03516.25751,E,092846.00,A,A*72	1770370142.190478
$GNRMC,092847.00,A,3252.78543,N,03516.25672,E,2.120,271.98,060226,,,A*7A	1770370142.502404
$GNVTG,271.98,T,,M,2.120,N,3.926,K,A*29	1770370142.502456
$GNGGA,092847.00,3252.78543,N,03516.25672,E,1,12,0.77,264.1,M,18.9,M,,*4E	1770370142.606521
$GNGSA,A,3,24,06,12,19,11,29,25,,,,,,1.55,0.77,1.34*1C	1770370142.710535
$GNGSA,A,3,81,78,79,80,82,88,69,,,,,,1.55,0.77,1.34*1E	1770370142.710588
$GPGSV,4,1,16,06,38,072,44,11,42,133,42,12,56,328,42,13,03,176,*7C	1770370142.814399
$GPGSV,4,2,16,15,09,201,,17,04,046,19,19,27,044,48,20,02,182,*74	1770370142.918488
$GPGSV,4,3,16,22,05,085,30,24,77,203,39,25,23,294,35,29,15,230,24*78	1770370142.918541
$GPGSV,4,4,16,32,09,315,32,36,50,201,34,40,44,148,,49,40,227,*73	1770370143.022478
$GLGSV,2,1,08,69,14,250,25,70,14,301,36,78,37,085,41,79,53,004,40*6A	1770370143.126372
$GLGSV,2,2,08,80,16,314,32,81,68,124,35,82,30,183,25,88,33,037,42*65	1770370143.126423
$GNGLL,3252.78543,N,03516.25672,E,092847.00,A,A*79	1770370143.230392
$GNRMC,092848.00,A,3252.78533,N,03516.25602,E,2.000,263.90,060226,,,A*7D	1770370143.542411
$GNVTG,263.90,T,,M,2.000,N,3.705,K,A*2E	1770370143.542503
$GNGGA,092848.00,3252.78533,N,03516.25602,E,1,12,0.77,264.0,M,18.9,M,,*40	1770370143.646381
$GNGSA,A,3,24,06,12,19,11,29,25,,,,,,1.55,0.77,1.34*1C	1770370143.646433
$GNGSA,A,3,81,78,79,80,82,88,69,,,,,,1.55,0.77,1.34*1E	1770370143.750715
$GPGSV,4,1,16,06,38,072,44,11,42,133,44,12,56,328,42,13,03,176,*7A	1770370143.854500
$GPGSV,4,2,16,15,09,201,,17,04,046,19,19,27,044,44,20,02,182,*78	1770370143.854553
$GPGSV,4,3,16,22,05,085,29,24,77,203,35,25,23,294,34,29,15,230,23*7A	1770370143.958601
$GPGSV,4,4,16,32,09,315,34,36,50,201,37,40,44,148,,49,40,227,*76	1770370144.062545
$GLGSV,2,1,08,69,14,250,26,70,14,301,31,78,37,085,41,79,54,005,30*6F	1770370144.062599
$GLGSV,2,2,08,80,16,314,36,81,68,124,36,82,30,183,27,88,33,037,43*61	1770370144.166456
$GNGLL,3252.78533,N,03516.25602,E,092848.00,A,A*76	1770370144.166508
$GNRMC,092849.00,A,3252.78519,N,03516.25536,E,1.956,261.68,060226,,,A*7C	1770370144.478509
$GNVTG,261.68,T,,M,1.956,N,3.622,K,A*26	1770370144.582421
$GNGGA,092849.00,3252.78519,N,03516.25536,E,1,12,0.77,264.1,M,18.9,M,,*4C	1770370144.582473
$GNGSA,A,3,24,06,12,19,11,29,25,,,,,,1.55,0.77,1.34*1C	1770370144.686429
$GNGSA,A,3,81,78,79,80,82,88,69,,,,,,1.55,0.77,1.34*1E	1770370144.686481
$GPGSV,4,1,16,06,38,072,45,11,42,133,41,12,56,328,40,13,03,176,*7C	1770370144.790456
$GPGSV,4,2,16,15,09,201,,17,04,046,19,19,27,044,45,20,02,182,*79	1770370144.894414
$GPGSV,4,3,16,22,05,085,36,24,77,203,38,25,23,294,28,29,15,230,23*74	1770370144.998480
$GPGSV,4,4,16,32,09,315,33,36,50,201,32,40,44,148,,49,40,227,*74	1770370144.998535
$GLGSV,2,1,08,69,14,250,25,70,14,301,30,78,37,085,41,79,54,005,35*68	1770370145.102580
$GLGSV,2,2,08,80,16,314,33,81,68,124,31,82,30,183,28,88,33,037,42*6D	1770370145.206436
$GNGLL,3252.78519,N,03516.25536,E,092849.00,A,A*7B	1770370145.206489
$GNRMC,092850.00,A,3252.78505,N,03516.25459,E,2.146,265.02,060226,,,A*73	1770370145.518521
$GNVTG,265.02,T,,M,2.146,N,3.975,K,A*29	1770370145.518576
$GNGGA,092850.00,3252.78505,N,03516.25459,E,1,12,0.77,263.8,M,18.9,M,,*4F	1770370145.622440
$GNGSA,A,3,24,06,12,19,11,29,25,,,,,,1.55,0.77,1.34*1C	1770370145.726432
$GNGSA,A,3,81,78,79,80,82,88,69,,,,,,1.55,0.77,1.34*1E	1770370145.726482
$GPGSV,4,1,16,06,38,072,45,11,42,133,45,12,56,328,39,13,03,176,*76	1770370145.830401
$GPGSV,4,2,16,15,09,201,,17,04,046,19,19,27,044,46,20,02,182,*7A	1770370145.830453
$GPGSV,4,3,16,22,05,085,32,24,77,203,37,25,23,294,33,29,15,230,23*75	1770370145.934416
$GPGSV,4,4,16,32,09,315,33,36,50,201,32,40,44,148,,49,40,227,*74	1770370146.038483
$GLGSV,2,1,08,69,14,250,25,70,14,301,30,78,37,085,43,79,54,005,38*67	1770370146.142453
$GLGSV,2,2,08,80,16,314,37,81,68,123,32,82,30,183,34,88,33,037,42*60	1770370146.142508
$GNGLL,3252.78505,N,03516.25459,E,092850.00,A,A*76	1770370146.246369
$GNRMC,092851.00,A,3252.78505,N,03516.25389,E,2.317,267.70,060226,,,A*79	1770370146.454533
$GNVTG,267.70,T,,M,2.317,N,4.291,K,A*2E	1770370146.558460
$GNGGA,092851.00,3252.78505,N,03516.25389,E,1,12,0.77,264.2,M,18.9,M,,*49	1770370146.662433
$GNGSA,A,3,24,06,12,19,11,29,25,,,,,,1.55,0.77,1.34*1C	1770370146.662487
$GNGSA,A,3,81,78,79,80,82,88,69,,,,,,1.55,0.77,1.34*1E	1770370146.766465
$GPGSV,4,1,16,06,38,072,43,11,42,133,43,12,56,328,41,13,03,176,*79	1770370146.766520
$GPGSV,4,2,16,15,09,201,,17,04,046,19,19,27,044,41,20,02,182,*7D	1770370146.870680
$GPGSV,4,3,16,22,05,085,31,24,77,203,35,25,23,294,33,29,15,230,23*74	1770370146.974462
$GPGSV,4,4,16,32,09,315,32,36,50,201,32,40,44,148,,49,40,227,*75	1770370146.974517
$GLGSV,2,1,08,69,14,250,24,70,14,301,29,78,37,085,41,79,54,005,40*63	1770370147.078690
$GLGSV,2,2,08,80,16,314,34,81,68,123,37,82,31,183,32,88,33,037,41*62	1770370147.182437
$GNGLL,3252.78505,N,03516.25389,E,092851.00,A,A*7D	1770370147.182491
$GNRMC,092852.00,A,3252.78499,N,03516.25297,E,2.845,268.42,060226,,,A*72	1770370147.494466
$GNVTG,268.42,T,,M,2.845,N,5.269,K,A*2A	1770370147.598489
$GNGGA,092852.00,3252.78499,N,03516.25297,E,1,12,0.77,264.1,M,18.9,M,,*43	1770370147.598541
$GNGSA,A,3,24,06,12,19,11,29,25,,,,,,1.55,0.77,1.34*1C	1770370147.702529
$GNGSA,A,3,81,78,79,80,82,88,69,,,,,,1.55,0.77,1.34*1E	1770370147.702581
$GPGSV,4,1,16,06,38,072,44,11,42,133,42,12,56,328,43,13,03,176,*7D	1770370147.806416
$GPGSV,4,2,16,15,09,201,,17,04,046,18,19,27,044,46,20,02,182,*7B	1770370147.910399
$GPGSV,4,3,16,22,05,085,30,24,77,203,39,25,23,294,32,29,15,230,24*7F	1770370147.910490
$GPGSV,4,4,16,32,09,315,37,36,50,201,31,40,44,148,,49,40,227,*73	1770370148.014574
$GLGSV,2,1,08,69,14,250,23,70,14,301,28,78,37,085,42,79,54,005,39*68	1770370148.118524
$GLGSV,2,2,08,80,16,314,37,81,68,123,33,82,31,183,30,88,33,037,38*69	1770370148.118577
$GNGLL,3252.78499,N,03516.25297,E,092852.00,A,A*74	1770370148.222434
$GNRMC,092853.00,A,3252.78497,N,03516.25207,E,2.714,269.70,060226,,,A*7F	1770370148.534405
$GNVTG,269.70,T,,M,2.714,N,5.027,K,A*29	1770370148.534492
$GNGGA,092853.00,3252.78497,N,03516.25207,E,1,12,0.77,264.5,M,18.9,M,,*41	1770370148.638496
$GNGSA,A,3,24,06,12,19,11,29,25,,,,,,1.55,0.77,1.34*1C	1770370148.638549
$GNGSA,A,3,81,78,79,80,82,88,69,,,,,,1.55,0.77,1.34*1E	1770370148.742399
$GPGSV,4,1,16,06,38,072,45,11,42,133,43,12,56,328,42,13,03,176,*7C	1770370148.846442
$GPGSV,4,2,16,15,09,201,,17,04,046,19,19,27,044,36,20,02,182,*7D	1770370148.846494
$GPGSV,4,3,16,22,05,085,31,24,77,203,39,25,23,294,30,29,15,230,23*7B	1770370148.950406
$GPGSV,4,4,16,32,09,315,33,36,50,201,31,40,44,148,,49,40,227,*77	1770370149.054432
$GLGSV,2,1,08,69,14,250,23,70,14,301,27,78,37,085,41,79,54,005,39*64	1770370149.054488
$GLGSV,2,2,08,80,16,314,29,81,68,123,34,82,31,183,31,88,33,037,34*6C	1770370149.158475
$GNGLL,3252.78497,N,03516.25207,E,092853.00,A,A*72	1770370149.262468
$GNRMC,092854.00,A,3252.78500,N,03516.25131,E,2.316,273.50,060226,,,A*7E	1770370149.470384
$GNVTG,273.50,T,,M,2.316,N,4.290,K,A*29	1770370149.574371
$GNGGA,092854.00,3252.78500,N,03516.25131,E,1,12,0.84,265.6,M,18.9,M,,*41	1770370149.574423
$GNGSA,A,3,24,06,12,19,11,25,,,,,,,1.71,0.84,1.48*16	1770370149.678463
$GNGSA,A,3,81,78,79,80,82,88,69,,,,,,1.71,0.84,1.48*1F	1770370149.782404
$GPGSV,4,1,16,06,38,072,45,11,42,133,41,12,56,328,43,13,03,176,*7F	1770370149.782455
$GPGSV,4,2,16,15,09,201,,17,04,046,18,19,27,044,41,20,02,182,*7C	1770370149.886439
$GPGSV,4,3,16,22,05,085,35,24,77,203,41,25,23,294,28,29,15,230,24*7E	1770370149.990440
$GPGSV,4,4,16,32,09,315,27,36,50,201,30,40,44,148,,49,40,227,*73	1770370149.990496
$GLGSV,2,1,08,69,14,250,23,70,14,301,25,78,37,085,41,79,54,005,41*69	1770370150.094434
$GLGSV,2,2,08,80,16,314,29,81,68,123,37,82,31,183,30,88,33,037,38*62	1770370150.198464
$GNGLL,3252.78500,N,03516.25131,E,092854.00,A,A*7C	1770370150.198518
$GNRMC,092855.00,A,3252.78503,N,03516.25058,E,2.244,274.24,060226,,,A*70	1770370150.510385
$GNVTG,274.24,T,,M,2.244,N,4.156,K,A*22	1770370150.510439
$GNGGA,092855.00,3252.78503,N,03516.25058,E,1,12,0.84,266.5,M,18.9,M,,*4D	1770370150.614539
$GNGSA,A,3,24,06,12,19,11,25,,,,,,,1.71,0.84,1.48*16	1770370150.718551
$GNGSA,A,3,81,78,79,80,82,88,69,,,,,,1.71,0.84,1.48*1F	1770370150.718604
$GPGSV,4,1,16,06,38,072,43,11,42,133,40,12,56,328,41,13,03,176,*7A	1770370150.822730
$GPGSV,4,2,16,15,09,201,16,17,04,046,,19,27,044,43,20,02,182,*70	1770370150.926586
$GPGSV,4,3,16,22,05,085,35,24,77,203,39,25,23,294,28,29,15,230,23*76	1770370150.926638
$GPGSV,4,4,16,32,09,315,28,36,50,201,29,40,44,148,36,49,40,227,*71	1770370151.030511
$GLGSV,2,1,08,69,14,250,22,70,14,301,25,78,37,085,39,79,54,005,38*69	1770370151.134394
$GLGSV,2,2,08,80,16,314,31,81,68,123,34,82,31,183,34,88,33,037,40*63	1770370151.134484
$GNGLL,3252.78503,N,03516.25058,E,092855.00,A,A*70	1770370151.238583
$GNRMC,092856.00,A,3252.78493,N,03516.24974,E,2.220,272.87,060226,,,A*70	1770370151.550396
$GNVTG,272.87,T,,M,2.220,N,4.111,K,A*2C	1770370151.550450
$GNGGA,092856.00,3252.78493,N,03516.24974,E,1,12,0.84,266.7,M,18.9,M,,*42	1770370151.654459
$GNGSA,A,3,24,06,12,19,11,25,,,,,,,1.71,0.84,1.48*16	1770370151.654515
$GNGSA,A,3,81,78,79,80,82,88,69,,,,,,1.71,0.84,1.48*1F	1770370151.758519
$GPGSV,4,1,16,06,38,072,43,11,42,133,41,12,56,328,41,13,03,176,*7B	1770370151.758574
$GPGSV,4,2,16,15,09,201,,17,04,046,,19,27,044,45,20,02,182,*71	1770370151.862388
$GPGSV,4,3,16,22,05,085,37,24,77,203,39,25,23,294,29,29,15,230,*74	1770370151.966411
$GPGSV,4,4,16,32,09,315,28,36,50,201,30,40,44,148,39,49,40,227,*76	1770370151.966462
$GLGSV,2,1,08,69,14,250,22,70,14,301,26,78,37,085,43,79,54,005,38*67	1770370152.070648
$GLGSV,2,2,08,80,16,314,30,81,68,123,34,82,31,183,35,88,33,037,38*6C	1770370152.174471
$GNGLL,3252.78493,N,03516.24974,E,092856.00,A,A*7D	1770370152.174525
$GNRMC,092857.00,A,3252.78486,N,03516.24889,E,2.251,272.11,060226,,,A*7F	1770370152.486396
$GNVTG,272.11,T,,M,2.251,N,4.169,K,A*2A	1770370152.590401
$GNGGA,092857.00,3252.78486,N,03516.24889,E,1,12,0.84,267.0,M,18.9,M,,*42	1770370152.590454
$GNGSA,A,3,24,06,12,19,11,25,,,,,,,1.71,0.84,1.48*16	1770370152.694639
$GNGSA,A,3,81,78,79,80,82,88,69,,,,,,1.71,0.84,1.48*1F	1770370152.694692
$GPGSV,4,1,16,06,38,072,41,11,42,133,43,12,56,328,39,13,03,176,*74	1770370152.798542
$GPGSV,4,2,16,15,09,201,,17,04,046,,19,27,044,45,20,02,182,*71	1770370152.902445
$GPGSV,4,3,16,22,05,085,37,24,77,203,38,25,23,294,28,29,15,230,24*72	1770370152.902501
$GPGSV,4,4,16,32,09,315,29,36,50,201,31,40,44,148,33,49,40,227,*7C	1770370153.006410
$GLGSV,2,1,08,69,14,250,21,70,14,301,27,78,37,085,37,79,54,005,38*66	1770370153.110444
$GLGSV,2,2,08,80,16,314,29,81,68,123,37,82,31,183,35,88,33,037,40*68	1770370153.110499
$GNGLL,3252.78486,N,03516.24889,E,092857.00,A,A*7B	1770370153.214713
$GNRMC,092858.00,A,3252.78490,N,03516.24811,E,2.109,275.64,060226,,,A*7D	1770370153.526384
$GNVTG,275.64,T,,M,2.109,N,3.907,K,A*26	1770370153.526436
$GNGGA,092858.00,3252.78490,N,03516.24811,E,1,12,0.84,267.5,M,18.9,M,,*4E	1770370153.630386
$GNGSA,A,3,24,06,12,19,11,25,,,,,,,1.71,0.84,1.48*16	1770370153.630659
$GNGSA,A,3,81,78,79,80,82,88,69,,,,,,1.71,0.84,1.48*1F	1770370153.734501
$GPGSV,4,1,16,06,38,072,43,11,42,133,43,12,56,328,39,13,03,176,*76	1770370153.838466
$GPGSV,4,2,16,15,09,201,,17,04,046,,19,27,044,44,20,02,182,*70	1770370153.838554
$GPGSV,4,3,16,22,05,085,37,24,77,203,38,25,23,294,29,29,15,230,26*71	1770370153.942420
$GPGSV,4,4,16,32,09,315,29,36,50,201,30,40,44,148,36,49,40,227,*78	1770370154.046409
$GLGSV,2,1,08,69,14,250,21,70,14,301,27,78,37,085,40,79,54,005,38*66	1770370154.046465
$GLGSV,2,2,08,80,16,314,35,81,68,123,34,82,31,183,29,88,33,037,42*69	1770370154.150427
$GNGLL,3252.78490,N,03516.24811,E,092858.00,A,A*72	1770370154.254380
$GNRMC,092859.00,A,3252.78488,N,03516.24710,E,2.559,275.36,060226,,,A*7D	1770370154.462435
$GNVTG,275.36,T,,M,2.559,N,4.740,K,A*2A	1770370154.566447
$GNGGA,092859.00,3252.78488,N,03516.24710,E,1,12,0.77,266.8,M,18.9,M,,*48	1770370154.670440
$GNGSA,A,3,24,06,12,19,11,29,25,,,,,,1.55,0.77,1.34*1C	1770370154.670495
$GNGSA,A,3,81,78,79,80,82,88,69,,,,,,1.55,0.77,1.34*1E	1770370154.774415
$GPGSV,4,1,16,06,38,072,43,11,42,133,41,12,56,328,41,13,03,176,*7B	1770370154.774468
$GPGSV,4,2,16,15,09,201,22,17,04,046,,19,27,044,43,20,02,182,*77	1770370154.878531
$GPGSV,4,3,16,22,05,085,37,24,77,203,40,25,23,294,29,29,15,230,32*7B	1770370154.982394
$GPGSV,4,4,16,32,09,315,35,36,50,201,,40,44,148,37,49,40,227,*77	1770370154.982450
$GLGSV,2,1,08,69,14,250,22,70,14,301,33,78,37,085,39,79,54,005,39*6F	1770370155.086398
$GLGSV,2,2,08,80,16,314,37,81,68,123,28,82,31,183,30,88,33,037,42*6E	1770370155.190398
$GNGLL,3252.78488,N,03516.24710,E,092859.00,A,A*74	1770370155.190453
$GNRMC,092900.00,A,3252.78492,N,03516.24614,E,2.790,278.69,060226,,,A*7E	1770370155.502389
$GNVTG,278.69,T,,M,2.790,N,5.167,K,A*28	1770370155.502446
$GNGGA,092900.00,3252.78492,N,03516.24614,E,1,12,0.77,266.7,M,18.9,M,,*44	1770370155.606387
$GNGSA,A,3,24,06,12,19,11,29,25,,,,,,1.55,0.77,1.34*1C	1770370155.710402
$GNGSA,A,3,81,78,79,80,82,88,69,,,,,,1.55,0.77,1.34*1E	1770370155.710456
$GPGSV,4,1,16,06,38,072,46,11,42,133,47,12,56,328,41,13,03,176,*78	1770370155.814455
$GPGSV,4,2,16,15,09,201,20,17,04,046,,19,27,044,43,20,02,182,*75	1770370155.918475
$GPGSV,4,3,16,22,05,085,36,24,77,203,37,25,23,294,29,29,15,230,31*79	1770370155.918526
$GPGSV,4,4,16,32,09,315,30,36,50,201,38,40,44,148,39,49,40,227,*77	1770370156.022406
$GLGSV,2,1,08,69,14,250,23,70,14,301,26,78,37,085,40,79,54,005,39*64	1770370156.126488
$GLGSV,2,2,08,80,16,314,34,81,68,123,34,82,31,183,28,88,33,037,39*65	1770370156.126540
$GNGLL,3252.78492,N,03516.24614,E,092900.00,A,A*77	1770370156.230486
$GNRMC,092901.00,A,3252.78501,N,03516.24516,E,2.847,277.76,060226,,,A*71	1770370156.542401
$GNVTG,277.76,T,,M,2.847,N,5.273,K,A*2A	1770370156.542452
$GNGGA,092901.00,3252.78501,N,03516.24516,E,1,12,0.77,266.9,M,18.9,M,,*41	1770370156.646717
$GNGSA,A,3,24,06,12,19,11,29,25,,,,,,1.55,0.77,1.34*1C	1770370156.646771
$GNGSA,A,3,81,78,79,80,82,88,69,,,,,,1.55,0.77,1.34*1E	1770370156.750403
$GPGSV,4,1,16,06,38,072,44,11,42,133,46,12,56,328,41,13,03,176,*7B	1770370156.854416
$GPGSV,4,2,16,15,09,201,,17,04,046,,19,27,044,44,20,02,182,*70	1770370156.854466
$GPGSV,4,3,16,22,05,085,39,24,77,203,37,25,23,294,29,29,15,230,31*76	1770370156.958841
$GPGSV,4,4,16,32,09,315,30,36,50,201,38,40,44,148,35,49,40,227,*7B	1770370157.062780
$GLGSV,2,1,08,69,14,250,23,70,14,301,26,78,37,085,42,79,54,005,38*67	1770370157.062834
$GLGSV,2,2,08,80,16,314,35,81,68,123,34,82,31,183,34,88,33,037,36*66	1770370157.166394
$GNGLL,3252.78501,N,03516.24516,E,092901.00,A,A*7C	1770370157.270361
$GNRMC,092902.00,A,3252.78507,N,03516.24409,E,3.038,278.15,060226,,,A*70	1770370157.478458
$GNVTG,278.15,T,,M,3.038,N,5.627,K,A*24	1770370157.582422
$GNGGA,092902.00,3252.78507,N,03516.24409,E,1,12,0.77,266.6,M,18.9,M,,*44	1770370157.582473
$GNGSA,A,3,24,06,12,19,11,29,25,,,,,,1.55,0.77,1.34*1C	1770370157.686396
$GNGSA,A,3,81,78,79,80,82,88,69,,,,,,1.55,0.77,1.34*1E	1770370157.686447
$GPGSV,4,1,16,06,37,072,45,11,42,133,43,12,56,328,42,13,03,176,*73	1770370157.790512
$GPGSV,4,2,16,15,09,201,,17,04,046,,19,27,044,44,20,02,182,*70	1770370157.894403
$GPGSV,4,3,16,22,05,085,39,24,77,203,40,25,23,294,31,29,15,230,29*76	1770370157.894455
$GPGSV,4,4,16,32,09,315,30,36,50,201,38,40,44,148,35,49,40,227,*7B	1770370157.998478
$GLGSV,2,1,08,69,14,250,24,70,14,301,26,78,37,085,40,79,54,005,38*62	1770370158.102419
$GLGSV,2,2,08,80,16,314,31,81,68,123,34,82,31,183,30,88,33,037,36*66	1770370158.206407
$GNGLL,3252.78507,N,03516.24409,E,092902.00,A,A*76	1770370158.206461
$GNRMC,092903.00,A,3252.78509,N,03516.24309,E,2.819,276.21,060226,,,A*7B	1770370158.518577
$GNVTG,276.21,T,,M,2.819,N,5.220,K,A*24	1770370158.518634
$GNGGA,092903.00,3252.78509,N,03516.24309,E,1,12,0.77,266.7,M,18.9,M,,*4D	1770370158.622402
$GNGSA,A,3,24,06,12,19,11,29,25,,,,,,1.55,0.77,1.34*1C	1770370158.726513
$GNGSA,A,3,81,78,79,80,82,88,69,,,,,,1.55,0.77,1.34*1E	1770370158.726573
$GPGSV,4,1,16,06,37,072,43,11,42,133,44,12,56,328,41,13,03,176,*71	1770370158.830369
$GPGSV,4,2,16,15,09,201,,17,04,046,,19,27,044,43,20,02,182,*77	1770370158.830422
$GPGSV,4,3,16,22,05,085,39,24,77,203,35,25,23,294,31,29,15,230,26*7B	1770370158.934484
$GPGSV,4,4,16,32,09,315,29,36,50,201,35,40,44,148,40,49,40,227,*7C	1770370159.038464
$GLGSV,2,1,08,69,14,250,26,70,14,301,25,78,37,085,40,79,54,005,37*6C	1770370159.142476
$GLGSV,2,2,08,80,16,314,31,81,68,123,34,82,31,183,34,88,33,037,43*60	1770370159.142533
$GNGLL,3252.78509,N,03516.24309,E,092903.00,A,A*7E	1770370159.246414
$GNRMC,092904.00,A,3252.78516,N,03516.24208,E,2.885,278.00,060226,,,A*7A	1770370159.454608
$GNVTG,278.00,T,,M,2.885,N,5.343,K,A*28	1770370159.558748
$GNGGA,092904.00,3252.78516,N,03516.24208,E,1,12,0.77,266.6,M,18.9,M,,*45	1770370159.662448
$GNGSA,A,3,24,06,12,19,11,29,25,,,,,,1.55,0.77,1.34*1C	1770370159.662502
$GNGSA,A,3,81,78,79,80,82,88,69,,,,,,1.55,0.77,1.34*1E	1770370159.766447
$GPGSV,4,1,16,06,37,072,43,11,42,133,44,12,56,328,42,13,03,176,*72	1770370159.766499
$GPGSV,4,2,16,15,09,201,,17,04,046,,19,27,044,45,20,02,182,*71	1770370159.870488
$GPGSV,4,3,16,22,05,085,39,24,77,203,37,25,23,294,31,29,15,230,26*79	1770370159.974410
$GPGSV,4,4,16,32,09,315,28,36,50,201,34,40,44,148,38,49,40,227,*73	1770370159.974462
$GLGSV,2,1,08,69,14,250,25,70,14,301,25,78,37,085,39,79,54,005,40*61	1770370160.078843
$GLGSV,2,2,08,80,16,314,30,81,68,123,35,82,31,183,34,88,33,037,39*6D	1770370160.182461
$GNGLL,3252.78516,N,03516.24208,E,092904.00,A,A*77	1770370160.182515
$GNRMC,092905.00,A,3252.78527,N,03516.24112,E,3.039,276.32,060226,,,A*70	1770370160.494389
$GNVTG,276.32,T,,M,3.039,N,5.629,K,A*20	1770370160.494444
$GNGGA,092905.00,3252.78527,N,03516.24112,E,1,12,0.84,267.2,M,18.9,M,,*47	1770370160.598532
$GNGSA,A,3,24,06,12,19,11,25,,,,,,,1.71,0.84,1.48*16	1770370160.702444
$GNGSA,A,3,81,78,79,80,82,88,69,,,,,,1.71,0.84,1.48*1F	1770370160.702498
$GPGSV,4,1,16,06,37,072,41,11,42,133,46,12,56,328,40,13,03,176,*70	1770370160.806429
$GPGSV,4,2,16,15,09,201,,17,04,046,,19,27,044,42,20,02,182,*76	1770370160.910417
$GPGSV,4,3,16,22,05,085,39,24,77,203,38,25,23,294,30,29,15,230,*73	1770370160.910472
$GPGSV,4,4,16,32,09,315,27,36,50,201,,40,44,148,40,49,40,227,*74	1770370161.014403
$GLGSV,2,1,08,69,14,250,24,70,14,301,25,78,37,085,39,79,54,005,40*60	1770370161.118484
$GLGSV,2,2,08,80,16,314,28,81,68,123,38,82,31,183,29,88,33,037,36*6A	1770370161.118539
$GNGLL,3252.78527,N,03516.24112,E,092905.00,A,A*7C	1770370161.222421
$GNRMC,092906.00,A,3252.78530,N,03516.24026,E,2.825,272.58,060226,,,A*7F	1770370161.534429
$GNVTG,272.58,T,,M,2.825,N,5.231,K,A*21	1770370161.534481
$GNGGA,092906.00,3252.78530,N,03516.24026,E,1,12,0.84,268.1,M,18.9,M,,*48	1770370161.638489
$GNGSA,A,3,24,06,12,19,11,25,,,,,,,1.71,0.84,1.48*16	1770370161.638544
$GNGSA,A,3,81,78,79,80,82,88,69,,,,,,1.71,0.84,1.48*1F	1770370161.742462
$GPGSV,4,1,16,06,37,072,44,11,42,133,45,12,56,328,44,13,03,176,*72	1770370161.846454
$GPGSV,4,2,16,15,09,201,,17,04,046,,19,27,044,36,20,02,182,*75	1770370161.846509
$GPGSV,4,3,16,22,05,085,39,24,77,203,34,25,23,294,29,29,15,230,*77	1770370161.950525
$GPGSV,4,4,16,32,09,315,28,36,50,201,,40,44,148,38,49,40,227,*74	1770370162.054499
$GLGSV,2,1,08,69,14,250,21,70,14,301,26,78,37,085,41,79,54,005,31*6F	1770370162.054771
$GLGSV,2,2,08,80,16,314,28,81,68,123,38,82,31,183,26,88,33,037,41*65	1770370162.158532
$GNGLL,3252.78530,N,03516.24026,E,092906.00,A,A*7F	1770370162.264491
$GNRMC,092907.00,A,3252.78528,N,03516.23937,E,2.432,272.81,060226,,,A*77	1770370162.470522
$GNVTG,272.81,T,,M,2.432,N,4.504,K,A*2F	1770370162.574414
$GNGGA,092907.00,3252.78528,N,03516.23937,E,1,12,0.85,268.4,M,18.9,M,,*4A	1770370162.574467
$GNGSA,A,3,24,06,12,19,11,25,,,,,,,1.71,0.85,1.48*17	1770370162.678491
$GNGSA,A,3,81,78,79,80,82,88,69,,,,,,1.71,0.85,1.48*1E	1770370162.782410
$GPGSV,4,1,16,06,37,072,44,11,42,132,45,12,56,328,43,13,03,176,*74	1770370162.782464
$GPGSV,4,2,16,15,09,201,,17,04,046,,19,27,044,41,20,02,182,*75	1770370162.886028
$GPGSV,4,3,16,22,05,085,41,24,77,203,30,25,23,294,29,29,15,230,*7C	1770370162.989746
$GPGSV,4,4,16,32,09,315,28,36,50,201,,40,44,148,34,49,40,227,*78	1770370162.989790
$GLGSV,2,1,08,69,14,250,22,70,14,301,26,78,37,085,39,79,54,005,36*64	1770370163.093847
$GLGSV,2,2,08,80,16,314,29,81,68,123,33,82,31,183,26,88,33,037,42*6C	1770370163.197724
$GNGLL,3252.78528,N,03516.23937,E,092907.00,A,A*79	1770370163.197768
$GNRMC,092908.00,A,3252.78527,N,03516.23856,E,2.445,271.44,060226,,,A*7B	1770370163.509762
$GNVTG,271.44,T,,M,2.445,N,4.527,K,A*24	1770370163.509806
$GNGGA,092908.00,3252.78527,N,03516.23856,E,1,12,0.85,269.1,M,18.9,M,,*48	1770370163.614438
$GNGSA,A,3,24,06,12,19,11,25,,,,,,,1.71,0.85,1.48*17	1770370163.718483
$GNGSA,A,3,81,78,79,80,82,88,69,,,,,,1.71,0.85,1.48*1E	1770370163.718574
$GPGSV,4,1,16,06,37,072,41,11,42,132,43,12,56,329,44,13,03,176,*71	1770370163.822488
$GPGSV,4,2,16,15,09,201,22,17,04,046,,19,27,044,44,20,02,182,*70	1770370163.926453
$GPGSV,4,3,16,22,05,085,39,24,77,203,35,25,23,294,29,29,15,230,26*72	1770370163.926508
$GPGSV,4,4,16,32,09,315,28,36,50,201,,40,44,148,37,49,40,227,*7B	1770370164.030403
$GLGSV,2,1,08,69,14,250,24,70,14,301,27,78,37,085,39,79,54,005,38*6D	1770370164.134481
$GLGSV,2,2,08,80,16,314,29,81,68,123,25,82,31,183,33,88,33,037,40*6D	1770370164.134532
$GNGLL,3252.78527,N,03516.23856,E,092908.00,A,A*7F	1770370164.238441
$GNRMC,092909.00,A,3252.78533,N,03516.23781,E,2.123,275.48,060226,,,A*77	1770370164.550460
$GNVTG,275.48,T,,M,2.123,N,3.932,K,A*26	1770370164.550514
$GNGGA,092909.00,3252.78533,N,03516.23781,E,1,12,0.85,269.9,M,18.9,M,,*41	1770370164.654390
$GNGSA,A,3,24,06,12,19,11,25,,,,,,,1.71,0.85,1.48*17	1770370164.654443
$GNGSA,A,3,81,78,79,80,82,88,69,,,,,,1.71,0.85,1.48*1E	1770370164.758480
$GPGSV,4,1,16,06,37,072,42,11,42,132,41,12,56,329,41,13,02,176,*74	1770370164.758534
$GPGSV,4,2,16,15,09,201,21,17,04,046,,19,27,044,44,20,02,182,*73	1770370164.862431
$GPGSV,4,3,16,22,05,085,38,24,77,203,38,25,23,294,28,29,15,230,26*7F	1770370164.966385
$GPGSV,4,4,16,32,09,315,33,36,50,201,,40,44,148,33,49,40,227,*75	1770370165.071112
$GLGSV,2,1,08,69,14,250,25,70,14,301,27,78,37,085,39,79,54,005,41*62	1770370165.071172
$GLGSV,2,2,08,80,16,314,28,81,68,123,32,82,31,183,34,88,33,037,37*6D	1770370165.174501
$GNGLL,3252.78533,N,03516.23781,E,092909.00,A,A*7E	1770370165.174554
$GNRMC,092910.00,A,3252.78533,N,03516.23679,E,2.849,275.76,060226,,,A*71	1770370165.486407
$GNVTG,275.76,T,,M,2.849,N,5.277,K,A*22	1770370165.590425
$GNGGA,092910.00,3252.78533,N,03516.23679,E,1,12,0.85,269.6,M,18.9,M,,*40	1770370165.590478
$GNGSA,A,3,24,06,12,19,11,25,,,,,,,1.71,0.85,1.48*17	1770370165.694448
$GNGSA,A,3,81,78,79,80,82,88,69,,,,,,1.71,0.85,1.48*1E	1770370165.694502
$GPGSV,4,1,16,06,37,072,44,11,42,132,36,12,56,329,41,13,02,176,*72	1770370165.798491
$GPGSV,4,2,16,15,09,201,,17,04,046,,19,27,044,43,20,02,182,*77	1770370165.902455
$GPGSV,4,3,16,22,05,085,39,24,77,203,34,25,23,294,28,29,15,230,25*71	1770370165.902509
$GPGSV,4,4,16,32,09,315,29,36,50,201,,40,44,148,,49,40,227,*7E	1770370166.006401
$GLGSV,2,1,08,69,14,250,25,70,14,301,27,78,37,085,41,79,54,005,38*63	1770370166.110539
$GLGSV,2,2,08,80,16,314,29,81,68,123,35,82,31,183,37,88,33,037,38*67	1770370166.110594
$GNGLL,3252.78533,N,03516.23679,E,092910.00,A,A*70	1770370166.214414
$GNRMC,092911.00,A,3252.78537,N,03516.23583,E,2.940,275.80,060226,,,A*73	1770370166.526421
$GNVTG,275.80,T,,M,2.940,N,5.444,K,A*25	1770370166.526474
$GNGGA,092911.00,3252.78537,N,03516.23583,E,1,12,0.77,270.4,M,18.9,M,,*44	1770370166.630415
$GNGSA,A,3,24,06,12,19,11,29,25,,,,,,1.66,0.77,1.47*18	1770370166.630468
$GNGSA,A,3,81,78,79,80,82,88,69,,,,,,1.66,0.77,1.47*1A	1770370166.734427
$GPGSV,4,1,16,06,37,072,44,11,42,132,28,12,56,329,41,13,02,176,*7D	1770370166.838492
$GPGSV,4,2,16,15,09,201,,17,04,046,,19,27,044,42,20,02,182,*76	1770370166.838547
$GPGSV,4,3,16,22,05,085,39,24,77,203,33,25,23,294,29,29,15,230,23*71	1770370166.942461
$GPGSV,4,4,16,32,09,315,33,36,50,201,36,40,44,148,,49,40,227,*70	1770370167.046507
$GLGSV,2,1,08,69,14,250,24,70,14,301,28,78,37,085,41,79,54,005,41*63	1770370167.046560
$GLGSV,2,2,08,80,16,314,28,81,68,123,36,82,31,183,29,88,33,037,34*66	1770370167.150431
$GNGLL,3252.78537,N,03516.23583,E,092911.00,A,A*73	1770370167.254377
$GNRMC,092912.00,A,3252.78534,N,03516.23492,E,2.547,272.38,060226,,,A*7D	1770370167.462472
$GNVTG,272.38,T,,M,2.547,N,4.717,K,A*2E	1770370167.566384
$GNGGA,092912.00,3252.78534,N,03516.23492,E,1,12,0.77,270.9,M,18.9,M,,*48	1770370167.670388
$GNGSA,A,3,24,06,12,19,11,29,25,,,,,,1.55,0.77,1.35*1D	1770370167.670441
$GNGSA,A,3,81,78,79,80,82,88,69,,,,,,1.55,0.77,1.35*1F	1770370167.774409
$GPGSV,4,1,16,06,37,072,43,11,42,132,28,12,56,329,43,13,02,176,*78	1770370167.774462
$GPGSV,4,2,16,15,09,201,,17,03,046,,19,27,044,41,20,02,182,*72	1770370167.878511
$GPGSV,4,3,16,22,05,085,38,24,77,203,41,25,23,294,28,29,15,230,23*74	1770370167.982462
$GPGSV,4,4,16,32,09,315,33,36,50,201,33,40,44,148,,49,40,227,*75	1770370167.982518
$GLGSV,2,1,08,69,14,250,25,70,14,301,29,78,37,085,39,79,54,005,39*63	1770370168.086442
$GLGSV,2,2,08,80,16,314,30,81,68,123,37,82,31,183,29,88,33,037,38*62	1770370168.190434
$GNGLL,3252.78534,N,03516.23492,E,092912.00,A,A*72	1770370168.190488
$GNRMC,092913.00,A,3252.78538,N,03516.23402,E,2.700,274.20,060226,,,A*77	1770370168.502430
$GNVTG,274.20,T,,M,2.700,N,5.000,K,A*20	1770370168.502489
$GNGGA,092913.00,3252.78538,N,03516.23402,E,1,12,0.85,271.3,M,18.9,M,,*4A	1770370168.606450
$GNGSA,A,3,24,06,12,19,11,29,25,,,,,,1.61,0.85,1.37*15	1770370168.710519
$GNGSA,A,3,81,78,79,80,82,88,69,,,,,,1.61,0.85,1.37*17	1770370168.710579
$GPGSV,4,1,16,06,37,072,44,11,42,132,40,12,56,329,40,13,02,176,*72	1770370168.814438
$GPGSV,4,2,16,15,09,201,,17,03,046,,19,27,044,41,20,02,182,*72	1770370168.918434
$GPGSV,4,3,16,22,05,085,39,24,77,203,37,25,23,294,28,29,15,230,24*73	1770370168.918485
$GPGSV,4,4,16,32,09,315,33,36,50,201,39,40,44,148,,49,40,227,*7F	1770370169.022401
$GLGSV,2,1,08,69,14,250,25,70,14,301,28,78,37,085,40,79,54,005,40*62	1770370169.126371
$GLGSV,2,2,08,80,16,314,30,81,68,123,34,82,31,183,37,88,33,037,34*62	1770370169.126463
$GNGLL,3252.78538,N,03516.23402,E,092913.00,A,A*76	1770370169.230392
$GNRMC,092914.00,A,3252.78544,N,03516.23306,E,2.680,277.08,060226,,,A*78	1770370169.542469
$GNVTG,277.08,T,,M,2.680,N,4.964,K,A*2A	1770370169.542523
$GNGGA,092914.00,3252.78544,N,03516.23306,E,1,12,0.77,271.3,M,18.9,M,,*48	1770370169.646416
$GNGSA,A,3,24,06,12,19,11,29,25,,,,,,1.55,0.77,1.35*1D	1770370169.646470
$GNGSA,A,3,81,78,79,80,82,88,69,,,,,,1.55,0.77,1.35*1F	1770370169.750468
$GPGSV,4,1,16,06,37,072,42,11,42,132,32,12,56,329,41,13,02,176,*70	1770370169.854519
$GPGSV,4,2,16,15,09,201,,17,03,046,,19,26,044,43,20,02,182,*71	1770370169.854569
$GPGSV,4,3,16,22,05,085,41,24,77,203,42,25,23,294,27,29,15,230,25*70	1770370169.958483
$GPGSV,4,4,16,32,09,315,32,36,50,201,39,40,44,148,39,49,40,227,*74	1770370170.062771
$GLGSV,2,1,08,69,14,250,25,70,14,301,27,78,37,085,40,79,54,005,42*6F	1770370170.062826
$GLGSV,2,2,08,80,16,314,29,81,68,123,39,82,31,183,33,88,33,037,37*60	1770370170.166427
$GNGLL,3252.78544,N,03516.23306,E,092914.00,A,A*79	1770370170.270357
$GNRMC,092915.00,A,3252.78551,N,03516.23223,E,2.572,279.00,060226,,,A*73	1770370170.478488
$GNVTG,279.00,T,,M,2.572,N,4.764,K,A*2C	1770370170.582375
$GNGGA,092915.00,3252.78551,N,03516.23223,E,1,12,0.77,272.2,M,18.9,M,,*49	1770370170.582426
$GNGSA,A,3,24,06,12,19,11,29,25,,,,,,1.55,0.77,1.35*1D	1770370170.686482
$GNGSA,A,3,81,78,79,80,82,88,69,,,,,,1.55,0.77,1.35*1F	1770370170.686534
$GPGSV,4,1,16,06,37,072,46,11,42,132,40,12,56,329,41,13,02,176,*71	1770370170.790391
$GPGSV,4,2,16,15,09,201,,17,03,046,,19,26,044,40,20,02,182,*72	1770370170.894472
$GPGSV,4,3,16,22,05,085,39,24,77,203,35,25,23,294,26,29,15,230,25*7E	1770370170.894526
$GPGSV,4,4,16,32,09,315,31,36,50,201,38,40,44,148,33,49,40,227,*7C	1770370170.998488
$GLGSV,2,1,08,69,14,250,25,70,14,301,25,78,37,085,41,79,54,005,39*60	1770370171.102504
$GLGSV,2,2,08,80,16,314,35,81,68,123,33,82,31,183,37,88,33,037,33*67	1770370171.206391
$GNGLL,3252.78551,N,03516.23223,E,092915.00,A,A*7A	1770370171.206443
$GNRMC,092916.00,A,3252.78569,N,03516.23133,E,2.784,281.65,060226,,,A*76	1770370171.518498
$GNVTG,281.65,T,,M,2.784,N,5.156,K,A*25	1770370171.518553
$GNGGA,092916.00,3252.78569,N,03516.23133,E,1,12,0.85,272.9,M,18.9,M,,*45	1770370171.622458
$GNGSA,A,3,24,06,12,19,11,29,25,,,,,,1.61,0.85,1.37*15	1770370171.726386
$GNGSA,A,3,81,78,79,80,82,88,69,,,,,,1.61,0.85,1.37*17	1770370171.726476
$GPGSV,4,1,16,06,37,072,45,11,42,132,31,12,56,329,41,13,02,176,*74	1770370171.830545
$GPGSV,4,2,16,15,09,201,20,17,03,046,,19,26,044,38,20,02,182,*7F	1770370171.830599
$GPGSV,4,3,16,22,04,086,40,24,77,203,39,25,23,294,26,29,15,230,25*7E	1770370171.934564
$GPGSV,4,4,16,32,09,315,31,36,50,201,40,40,44,148,33,49,40,227,*73	1770370172.038484
$GLGSV,2,1,08,69,14,250,25,70,14,301,25,78,37,085,40,79,54,005,36*6E	1770370172.142472
$GLGSV,2,2,08,80,16,314,30,81,68,123,33,82,31,183,33,88,33,037,34*61	1770370172.142526
$GNGLL,3252.78569,N,03516.23133,E,092916.00,A,A*70	1770370172.246704
$GNRMC,092917.00,A,3252.78587,N,03516.23062,E,2.098,284.77,060226,,,A*7E	1770370172.454405
$GNVTG,284.77,T,,M,2.098,N,3.885,K,A*28	1770370172.558454
$GNGGA,092917.00,3252.78587,N,03516.23062,E,1,12,0.77,274.0,M,18.9,M,,*43	1770370172.662394
$GNGSA,A,3,24,06,12,19,11,29,25,,,,,,1.55,0.77,1.35*1D	1770370172.662445
$GNGSA,A,3,81,78,79,80,82,88,69,,,,,,1.55,0.77,1.35*1F	1770370172.766401
$GPGSV,4,1,16,06,37,072,44,11,42,132,41,12,56,329,44,13,02,176,*77	1770370172.766453
$GPGSV,4,2,16,15,09,201,,17,03,046,,19,26,044,39,20,02,182,*7C	1770370172.870375
$GPGSV,4,3,16,22,04,086,40,24,77,203,39,25,23,294,27,29,15,230,27*7D	1770370172.974386
$GPGSV,4,4,16,32,09,315,30,36,50,201,40,40,44,148,39,49,40,227,*78	1770370172.974475
$GLGSV,2,1,08,69,14,250,24,70,14,301,26,78,37,085,40,79,54,005,36*6C	1770370173.078661
$GLGSV,2,2,08,80,16,314,29,81,68,123,32,82,31,183,37,88,33,037,39*61	1770370173.182428
$GNGLL,3252.78587,N,03516.23062,E,092917.00,A,A*74	1770370173.182482
$GNRMC,092918.00,A,3252.78585,N,03516.22970,E,2.395,280.76,060226,,,A*73	1770370173.494448
$GNVTG,280.76,T,,M,2.395,N,4.435,K,A*23	1770370173.494503
$GNGGA,092918.00,3252.78585,N,03516.22970,E,1,12,0.77,273.8,M,18.9,M,,*4A	1770370173.598463
$GNGSA,A,3,24,06,12,19,11,29,25,,,,,,1.55,0.77,1.35*1D	1770370173.702462
$GNGSA,A,3,81,78,79,80,82,88,69,,,,,,1.55,0.77,1.35*1F	1770370173.702516
$GPGSV,4,1,16,06,37,072,45,11,42,132,42,12,56,329,40,13,02,176,*71	1770370173.806379
$GPGSV,4,2,16,15,09,201,,17,03,046,,19,26,044,45,20,02,182,*77	1770370173.910522
$GPGSV,4,3,16,22,04,086,41,24,77,201,38,25,23,294,28,29,15,230,34*72	1770370173.910576
$GPGSV,4,4,16,32,09,315,30,36,50,201,36,40,44,148,39,49,40,227,*79	1770370174.014491
$GLGSV,2,1,08,69,14,250,23,70,14,301,27,78,37,085,42,79,54,005,39*67	1770370174.118474
$GLGSV,2,2,08,80,16,314,30,81,68,123,33,82,31,183,34,88,33,037,40*65	1770370174.118526
$GNGLL,3252.78585,N,03516.22970,E,092918.00,A,A*72	1770370174.222388
$GNRMC,092919.00,A,3252.78591,N,03516.22884,E,2.095,281.47,060226,,,A*7D	1770370174.534452
$GNVTG,281.47,T,,M,2.095,N,3.880,K,A*26	1770370174.534506
$GNGGA,092919.00,3252.78591,N,03516.22884,E,1,12,0.77,273.8,M,18.9,M,,*44	1770370174.638470
$GNGSA,A,3,24,06,12,19,11,29,25,,,,,,1.55,0.77,1.35*1D	1770370174.638523
$GNGSA,A,3,81,78,79,80,82,88,69,,,,,,1.55,0.77,1.35*1F	1770370174.742531
$GPGSV,4,1,16,06,37,072,43,11,42,132,44,12,56,329,42,13,02,176,*73	1770370174.846455
$GPGSV,4,2,16,15,09,201,19,17,03,046,,19,26,044,41,20,02,182,*7B	1770370174.846509
$GPGSV,4,3,16,22,04,086,41,24,77,201,38,25,23,295,30,29,15,230,35*7B	1770370174.950401
$GPGSV,4,4,16,32,09,315,30,36,50,201,38,40,44,148,39,49,40,227,*77	1770370175.054400
$GLGSV,2,1,08,69,14,250,25,70,14,301,28,78,37,085,38,79,54,005,38*62	1770370175.054452
$GLGSV,2,2,08,80,16,314,30,81,68,123,37,82,31,183,27,88,33,037,40*63	1770370175.158480
$GNGLL,3252.78591,N,03516.22884,E,092919.00,A,A*7C	1770370175.262417
$GNRMC,092920.00,A,3252.78591,N,03516.22791,E,2.653,274.08,060226,,,A*71	1770370175.470583
$GNVTG,274.08,T,,M,2.653,N,4.913,K,A*27	1770370175.574401
$GNGGA,092920.00,3252.78591,N,03516.22791,E,1,12,0.77,274.0,M,18.9,M,,*4A	1770370175.574452
$GNGSA,A,3,24,06,12,19,11,29,25,,,,,,1.55,0.77,1.35*1D	1770370175.678528
$GNGSA,A,3,81,78,79,80,82,88,69,,,,,,1.55,0.77,1.35*1F	1770370175.782442
$GPGSV,4,1,16,06,37,072,43,11,42,132,38,12,56,329,43,13,02,176,*79	1770370175.782496
$GPGSV,4,2,16,15,09,201,,17,03,046,,19,26,044,39,20,02,182,*7C	1770370175.886381
$GPGSV,4,3,16,22,04,086,39,24,77,201,36,25,23,295,30,29,15,230,29*77	1770370175.990429
$GPGSV,4,4,16,32,09,315,31,36,50,201,37,40,44,148,38,49,40,227,*78	1770370175.990485
$GLGSV,2,1,08,69,14,250,23,70,14,301,28,78,37,085,40,79,54,005,38*6B	1770370176.094424
$GLGSV,2,2,08,80,16,314,38,81,68,123,34,82,31,183,27,88,33,037,38*67	1770370176.198478
$GNGLL,3252.78591,N,03516.22791,E,092920.00,A,A*7D	1770370176.198534
$GNRMC,092921.00,A,3252.78582,N,03516.22694,E,2.682,271.02,060226,,,A*75	1770370176.510426
$GNVTG,271.02,T,,M,2.682,N,4.967,K,A*27	1770370176.510483
$GNGGA,092921.00,3252.78582,N,03516.22694,E,1,12,0.82,274.1,M,18.9,M,,*46	1770370176.614420
$GNGSA,A,3,24,06,12,19,11,29,25,,,,,,1.63,0.82,1.41*11	1770370176.718498
$GNGSA,A,3,81,78,79,80,82,88,69,,,,,,1.63,0.82,1.41*13	1770370176.718690
$GPGSV,4,1,16,06,37,072,42,11,42,132,42,12,56,329,43,13,02,176,*75	1770370176.822507
$GPGSV,4,2,16,15,09,201,,17,03,046,,19,26,044,42,20,02,182,*70	1770370176.926452
$GPGSV,4,3,16,22,04,086,39,24,77,201,38,25,23,295,28,29,15,230,28*71	1770370176.926507
$GPGSV,4,4,16,32,09,315,38,36,50,201,37,40,44,148,38,49,40,227,*71	1770370177.030430
$GLGSV,2,1,08,69,14,250,23,70,14,301,29,78,37,085,43,79,54,005,36*67	1770370177.134571
$GLGSV,2,2,08,80,16,314,41,81,68,123,34,82,31,183,26,88,33,037,39*69	1770370177.134624
$GNGLL,3252.78582,N,03516.22694,E,092921.00,A,A*7A	1770370177.238496
$GNRMC,092922.00,A,3252.78580,N,03516.22588,E,2.912,272.87,060226,,,A*72	1770370177.550409
$GNVTG,272.87,T,,M,2.912,N,5.393,K,A*2F	1770370177.550464
$GNGGA,092922.00,3252.78580,N,03516.22588,E,1,12,0.82,273.5,M,18.9,M,,*4A	1770370177.654438
$GNGSA,A,3,24,06,12,19,11,29,25,,,,,,1.63,0.82,1.41*11	1770370177.654493
$GNGSA,A,3,81,78,79,80,82,88,69,,,,,,1.63,0.82,1.41*13	1770370177.758458
$GPGSV,4,1,16,06,37,072,43,11,42,132,44,12,56,329,42,13,02,176,*73	1770370177.862390
$GPGSV,4,2,16,15,09,201,,17,03,046,,19,26,044,40,20,02,182,*72	1770370177.862440
$GPGSV,4,3,16,22,04,086,40,24,77,201,40,25,23,295,29,29,15,230,28*71	1770370177.966419
$GPGSV,4,4,16,32,09,315,30,36,50,201,40,40,44,148,37,49,40,227,*76	1770370178.071677
$GLGSV,2,1,08,69,14,250,23,70,14,301,29,78,37,085,40,79,54,005,39*6B	1770370178.071751
$GLGSV,2,2,08,80,16,314,36,81,68,123,30,82,31,183,38,88,33,037,43*6F	1770370178.174455
$GNGLL,3252.78580,N,03516.22588,E,092922.00,A,A*75	1770370178.174507
$GNRMC,092923.00,A,3252.78584,N,03516.22472,E,3.150,277.07,060226,,,A*71	1770370178.486519
$GNVTG,277.07,T,,M,3.150,N,5.834,K,A*2B	1770370178.590750
$GNGGA,092923.00,3252.78584,N,03516.22472,E,1,12,0.82,273.0,M,18.9,M,,*4E	1770370178.590805
$GNGSA,A,3,24,06,12,19,11,29,25,,,,,,1.58,0.82,1.35*1A	1770370178.694364
$GNGSA,A,3,81,78,79,80,82,88,69,,,,,,1.58,0.82,1.35*18	1770370178.694415
$GPGSV,4,1,16,06,37,072,45,11,42,132,42,12,56,329,39,13,02,176,*7F	1770370178.798484
$GPGSV,4,2,16,15,09,201,,17,03,046,,19,26,044,42,20,02,182,*70	1770370178.902394
$GPGSV,4,3,16,22,04,086,36,24,77,201,34,25,23,295,33,29,16,230,34*76	1770370178.902483
$GPGSV,4,4,16,32,09,315,30,36,50,201,42,40,44,148,37,49,40,227,*74	1770370179.006546
$GLGSV,2,1,08,69,14,250,22,70,14,301,27,78,37,085,38,79,54,005,39*6B	1770370179.110421
$GLGSV,2,2,08,80,16,314,31,81,68,123,37,82,31,183,39,88,33,037,39*63	1770370179.214378
$GNGLL,3252.78584,N,03516.22472,E,092923.00,A,A*74	1770370179.214429
$GNRMC,092924.00,A,3252.78576,N,03516.22357,E,2.989,273.27,060226,,,A*70	1770370179.526419
$GNVTG,273.27,T,,M,2.989,N,5.535,K,A*2C	1770370179.526473
$GNGGA,092924.00,3252.78576,N,03516.22357,E,1,12,0.77,272.6,M,18.9,M,,*49	1770370179.630493
$GNGSA,A,3,24,06,12,19,11,29,25,,,,,,1.55,0.77,1.35*1D	1770370179.734560
$GNGSA,A,3,81,78,79,80,82,88,69,,,,,,1.55,0.77,1.35*1F	1770370179.734610
$GPGSV,4,1,16,06,37,072,43,11,42,132,40,12,56,329,42,13,02,176,*77	1770370179.838530
$GPGSV,4,2,16,15,09,201,19,17,03,046,,19,26,044,42,20,02,182,*78	1770370179.838583
$GPGSV,4,3,16,22,04,086,39,24,77,201,38,25,23,295,27,29,16,230,26*73	1770370179.942452
$GPGSV,4,4,16,32,09,315,30,36,50,201,39,40,44,148,39,49,40,227,*76	1770370180.046462
$GLGSV,2,1,08,69,14,250,22,70,14,301,27,78,37,085,42,79,54,005,41*69	1770370180.150477
$GLGSV,2,2,08,80,16,314,31,81,68,123,37,82,31,183,38,88,33,037,39*62	1770370180.150530
$GNGLL,3252.78576,N,03516.22357,E,092924.00,A,A*7E	1770370180.254472
$GNRMC,092925.00,A,3252.78571,N,03516.22249,E,2.788,273.72,060226,,,A*77	1770370180.462421
$GNVTG,273.72,T,,M,2.788,N,5.163,K,A*24	1770370180.566455
$GNGGA,092925.00,3252.78571,N,03516.22249,E,1,12,0.77,272.1,M,18.9,M,,*46	1770370180.670507
$GNGSA,A,3,24,06,12,19,11,29,25,,,,,,1.55,0.77,1.35*1D	1770370180.670560
$GNGSA,A,3,81,78,79,80,82,88,69,,,,,,1.55,0.77,1.35*1F	1770370180.774467
$GPGSV,4,1,16,06,37,072,44,11,42,132,43,12,56,329,40,13,02,176,*71	1770370180.774523
$GPGSV,4,2,16,15,09,201,,17,03,046,,19,26,044,44,20,02,182,*76	1770370180.878523
$GPGSV,4,3,16,22,04,086,39,24,77,201,38,25,23,295,34,29,16,230,29*7E	1770370180.982433
$GPGSV,4,4,16,32,09,315,28,36,50,201,39,40,44,148,39,49,40,227,*7F	1770370180.982487
$GLGSV,2,1,08,69,14,250,22,70,14,301,27,78,37,085,37,79,54,005,41*6B	1770370181.086492
$GLGSV,2,2,08,80,16,314,31,81,68,123,34,82,31,183,38,88,33,037,39*61	1770370181.190385
$GNGLL,3252.78571,N,03516.22249,E,092925.00,A,A*76	1770370181.190439
$GNRMC,092926.00,A,3252.78577,N,03516.22139,E,2.896,275.77,060226,,,A*75	1770370181.502427
$GNVTG,275.77,T,,M,2.896,N,5.363,K,A*25	1770370181.502481
$GNGGA,092926.00,3252.78577,N,03516.22139,E,1,12,0.77,271.7,M,18.9,M,,*42	1770370181.606359
$GNGSA,A,3,24,06,12,19,11,29,25,,,,,,1.55,0.77,1.35*1D	1770370181.710495
$GNGSA,A,3,81,78,79,80,82,88,69,,,,,,1.55,0.77,1.35*1F	1770370181.710550
$GPGSV,4,1,16,06,37,072,40,11,42,132,46,12,56,329,42,13,02,176,*72	1770370181.814475
$GPGSV,4,2,16,15,09,201,,17,03,046,,19,26,044,40,20,02,182,*72	1770370181.918451
$GPGSV,4,3,16,22,04,086,37,24,77,201,36,25,23,295,37,29,16,230,28*7C	1770370181.918502
$GPGSV,4,4,16,32,09,315,28,36,50,201,36,40,44,148,40,49,40,227,*7E	1770370182.022445
$GLGSV,2,1,08,69,14,250,22,70,14,301,25,78,37,085,41,79,54,005,41*68	1770370182.126373
$GLGSV,2,2,08,80,16,314,31,81,68,123,38,82,31,183,36,88,33,037,36*6C	1770370182.126425
$GNGLL,3252.78577,N,03516.22139,E,092926.00,A,A*77	1770370182.230405
$GNRMC,092927.00,A,3252.78583,N,03516.22025,E,2.915,276.47,060226,,,A*79	1770370182.542438
$GNVTG,276.47,T,,M,2.915,N,5.399,K,A*2A	1770370182.542494
$GNGGA,092927.00,3252.78583,N,03516.22025,E,1,12,0.77,271.3,M,18.9,M,,*40	1770370182.646467
$GNGSA,A,3,24,06,12,19,11,29,25,,,,,,1.55,0.77,1.35*1D	1770370182.646522
$GNGSA,A,3,81,78,79,80,82,88,69,,,,,,1.55,0.77,1.35*1F	1770370182.750504
$GPGSV,4,1,16,06,37,072,44,11,42,132,46,12,56,329,40,13,02,176,*74	1770370182.854521
$GPGSV,4,2,16,15,09,201,21,17,03,046,,19,26,044,40,20,02,182,*71	1770370182.854573
$GPGSV,4,3,16,22,04,086,37,24,77,201,31,25,23,295,36,29,16,230,27*75	1770370182.958441
$GPGSV,4,4,16,32,09,315,27,36,50,201,36,40,44,148,38,49,40,227,*7E	1770370183.062776
$GLGSV,2,1,08,69,14,250,21,70,14,301,26,78,37,085,38,79,54,005,41*66	1770370183.062831
$GLGSV,2,2,08,80,16,314,36,81,68,123,34,82,31,183,31,88,33,037,35*63	1770370183.166402
$GNGLL,3252.78583,N,03516.22025,E,092927.00,A,A*71	1770370183.270396
$GNRMC,092928.00,A,3252.78592,N,03516.21931,E,2.735,276.65,060226,,,A*75	1770370183.478520
$GNVTG,276.65,T,,M,2.735,N,5.065,K,A*26	1770370183.582419
$GNGGA,092928.00,3252.78592,N,03516.21931,E,1,12,0.77,271.7,M,18.9,M,,*44	1770370183.582474
$GNGSA,A,3,24,06,12,19,11,29,25,,,,,,1.66,0.77,1.47*18	1770370183.686565
$GNGSA,A,3,81,78,79,80,82,88,69,,,,,,1.66,0.77,1.47*1A	1770370183.790421
$GPGSV,4,1,16,06,37,072,41,11,42,132,42,12,56,329,45,13,02,176,*70	1770370183.790476
$GPGSV,4,2,16,15,09,201,,17,03,046,,19,26,044,38,20,02,182,*7D	1770370183.894469
$GPGSV,4,3,16,22,04,086,40,24,77,201,33,25,23,295,23,29,16,230,26*72	1770370183.998477
$GPGSV,4,4,16,32,09,315,28,36,50,201,36,40,44,148,,49,40,227,*7A	1770370183.998531
$GLGSV,2,1,08,69,14,250,23,70,14,301,28,78,37,085,39,79,54,005,34*69	1770370184.102410
$GLGSV,2,2,08,80,16,314,30,81,68,123,37,82,31,183,28,88,33,037,40*6C	1770370184.206385
$GNGLL,3252.78592,N,03516.21931,E,092928.00,A,A*71	1770370184.206438
$GNRMC,092929.00,A,3252.78588,N,03516.21817,E,2.949,272.48,060226,,,A*74	1770370184.519162
$GNVTG,272.48,T,,M,2.949,N,5.461,K,A*28	1770370184.519231
$GNGGA,092929.00,3252.78588,N,03516.21817,E,1,12,0.77,270.8,M,18.9,M,,*45	1770370184.622371
$GNGSA,A,3,24,06,12,19,11,29,25,,,,,,1.55,0.77,1.35*1D	1770370184.726451
$GNGSA,A,3,81,78,79,80,82,88,69,,,,,,1.55,0.77,1.35*1F	1770370184.726503
$GPGSV,4,1,16,06,37,072,44,11,42,132,47,12,56,329,43,13,02,176,*76	1770370184.830362
$GPGSV,4,2,16,15,09,201,19,17,03,046,,19,26,044,43,20,02,182,*79	1770370184.830416
$GPGSV,4,3,16,22,04,086,41,24,77,201,37,25,23,295,32,29,16,230,24*75	1770370184.934380
$GPGSV,4,4,16,32,09,315,28,36,50,201,35,40,44,148,,49,40,227,*79	1770370185.038489
$GLGSV,2,1,08,69,14,250,22,70,14,301,27,78,37,085,39,79,54,005,35*66	1770370185.141763
$GLGSV,2,2,08,80,16,314,30,81,68,123,37,82,31,183,41,88,33,037,42*61	1770370185.141839
$GNGLL,3252.78588,N,03516.21817,E,092929.00,A,A*7E	1770370185.245744
$GNRMC,092930.00,A,3252.78589,N,03516.21708,E,2.946,274.72,060226,,,A*7C	1770370185.453794
$GNVTG,274.72,T,,M,2.946,N,5.456,K,A*2C	1770370185.557791
$GNGGA,092930.00,3252.78589,N,03516.21708,E,1,12,0.85,270.3,M,18.9,M,,*4B	1770370185.661772
$GNGSA,A,3,24,06,12,19,11,25,,,,,,,1.71,0.85,1.49*16	1770370185.661818
$GNGSA,A,3,81,78,79,80,82,88,69,,,,,,1.71,0.85,1.49*1F	1770370185.765783
$GPGSV,4,1,16,06,37,072,45,11,42,132,49,12,56,329,43,13,02,176,*79	1770370185.765828
$GPGSV,4,2,16,15,09,201,,17,03,046,,19,26,044,43,20,02,182,*71	1770370185.870503
$GPGSV,4,3,16,22,04,086,40,24,77,201,36,25,23,295,31,29,16,230,*70	1770370185.974414
$GPGSV,4,4,16,32,09,315,27,36,50,201,41,40,44,148,,49,40,227,*75	1770370185.974466
$GLGSV,2,1,08,69,14,250,21,70,14,301,25,78,37,085,41,79,54,005,39*64	1770370186.078676
$GLGSV,2,2,08,80,16,314,30,81,68,123,34,82,31,183,38,88,33,037,42*6C	1770370186.182474
$GNGLL,3252.78589,N,03516.21708,E,092930.00,A,A*76	1770370186.182526
$GNRMC,092931.00,A,3252.78597,N,03516.21608,E,2.845,274.70,060226,,,A*73	1770370186.494409
$GNVTG,274.70,T,,M,2.845,N,5.270,K,A*2E	1770370186.598544
$GNGGA,092931.00,3252.78597,N,03516.21608,E,1,12,0.85,270.3,M,18.9,M,,*44	1770370186.598598
$GNGSA,A,3,24,06,12,19,11,25,,,,,,,1.71,0.85,1.49*16	1770370186.702439
$GNGSA,A,3,81,78,79,80,82,88,69,,,,,,1.71,0.85,1.49*1F	1770370186.702493
$GPGSV,4,1,16,06,37,072,44,11,42,132,42,12,56,329,38,13,02,176,*7F	1770370186.806402
$GPGSV,4,2,16,15,09,201,19,17,03,046,,19,26,044,39,20,02,182,*74	1770370186.910466
$GPGSV,4,3,16,22,04,086,40,24,77,201,38,25,23,295,29,29,16,230,*77	1770370186.910518
$GPGSV,4,4,16,32,09,315,28,36,50,201,35,40,44,148,,49,40,227,*79	1770370187.014478
$GLGSV,2,1,08,69,14,250,21,70,14,301,24,78,37,085,40,79,54,005,36*6B	1770370187.118715
$GLGSV,2,2,08,80,16,314,30,81,68,123,33,82,31,183,29,88,33,037,39*67	1770370187.118772
$GNGLL,3252.78597,N,03516.21608,E,092931.00,A,A*79	1770370187.222411
$GNRMC,092932.00,A,3252.78605,N,03516.21506,E,2.884,276.05,060226,,,A*78	1770370187.534467
$GNVTG,276.05,T,,M,2.884,N,5.342,K,A*23	1770370187.534772
$GNGGA,092932.00,3252.78605,N,03516.21506,E,1,12,0.85,270.1,M,18.9,M,,*40	1770370187.638461
$GNGSA,A,3,24,06,12,19,11,25,,,,,,,1.71,0.85,1.49*16	1770370187.638516
$GNGSA,A,3,81,78,79,80,82,88,69,,,,,,1.71,0.85,1.49*1F	1770370187.742437
$GPGSV,4,1,16,06,37,072,45,11,42,132,40,12,56,329,43,13,02,176,*70	1770370187.846409
$GPGSV,4,2,16,15,09,201,16,17,03,046,,19,26,044,40,20,02,182,*75	1770370187.846460
$GPGSV,4,3,16,22,04,086,42,24,77,201,38,25,23,295,29,29,16,230,23*74	1770370187.950474
$GPGSV,4,4,16,32,09,315,28,36,50,201,31,40,44,148,,49,40,227,*7D	1770370188.054497
$GLGSV,2,1,08,69,14,250,21,70,14,301,29,78,37,085,40,79,54,005,38*68	1770370188.054548
$GLGSV,2,2,08,80,16,314,31,81,68,123,34,82,31,183,26,88,33,037,38*6F	1770370188.158470
$GNGLL,3252.78605,N,03516.21506,E,092932.00,A,A*7F	1770370188.262430
$GNRMC,092933.00,A,3252.78610,N,03516.21414,E,2.531,273.70,060226,,,A*7B	1770370188.470464
$GNVTG,273.70,T,,M,2.531,N,4.688,K,A*25	1770370188.574408
$GNGGA,092933.00,3252.78610,N,03516.21414,E,1,12,0.85,270.2,M,18.9,M,,*44	1770370188.574462
$GNGSA,A,3,24,06,12,19,11,25,,,,,,,1.71,0.85,1.49*16	1770370188.678486
$GNGSA,A,3,81,78,79,80,82,88,69,,,,,,1.71,0.85,1.49*1F	1770370188.782447
$GPGSV,4,1,16,06,37,072,44,11,42,132,40,12,56,329,37,13,02,176,*72	1770370188.782502
$GPGSV,4,2,16,15,09,201,,17,03,046,,19,26,044,47,20,02,182,*75	1770370188.886518
$GPGSV,4,3,16,22,04,086,43,24,77,201,39,25,23,295,28,29,16,230,*74	1770370188.990468
$GPGSV,4,4,16,32,09,315,30,36,50,201,35,40,44,148,,49,40,227,*70	1770370188.990521
$GLGSV,2,1,08,69,14,250,21,70,14,301,28,78,37,085,41,79,54,005,40*67	1770370189.094462
$GLGSV,2,2,08,80,16,314,31,81,68,123,36,82,31,183,26,88,33,037,43*61	1770370189.198534
$GNGLL,3252.78610,N,03516.21414,E,092933.00,A,A*78	1770370189.198588
$GNRMC,092934.00,A,3252.78597,N,03516.21322,E,2.610,265.35,060226,,,A*74	1770370189.510414
$GNVTG,265.35,T,,M,2.610,N,4.834,K,A*2A	1770370189.510468
$GNGGA,092934.00,3252.78597,N,03516.21322,E,1,12,0.85,270.2,M,18.9,M,,*4D	1770370189.614473
$GNGSA,A,3,24,06,12,19,11,25,,,,,,,1.71,0.85,1.49*16	1770370189.718463
$GNGSA,A,3,81,78,79,80,82,88,69,,,,,,1.71,0.85,1.49*1F	1770370189.718551
$GPGSV,4,1,16,06,37,072,43,11,42,132,41,12,56,329,40,13,02,176,*74	1770370189.822388
$GPGSV,4,2,16,15,09,201,,17,03,046,,19,26,044,43,20,02,182,*71	1770370189.822442
$GPGSV,4,3,16,22,04,086,35,24,77,201,36,25,23,295,28,29,16,230,*7A	1770370189.926381
$GPGSV,4,4,16,32,09,315,35,36,50,201,31,40,44,148,,49,40,227,*71	1770370190.030593
$GLGSV,2,1,08,69,14,250,24,70,14,301,28,78,37,085,41,79,54,005,39*6C	1770370190.134408
$GLGSV,2,2,08,80,16,314,30,81,68,123,34,82,31,183,32,88,33,037,42*66	1770370190.134499
$GNGLL,3252.78597,N,03516.21322,E,092934.00,A,A*71	1770370190.238464
$GNRMC,092935.00,A,3252.78572,N,03516.21240,E,2.310,257.77,060226,,,A*79	1770370190.550526
$GNVTG,257.77,T,,M,2.310,N,4.278,K,A*2A	1770370190.550579
$GNGGA,092935.00,3252.78572,N,03516.21240,E,1,12,0.90,270.1,M,18.9,M,,*45	1770370190.654547
$GNGSA,A,3,24,06,12,19,11,25,,,,,,,1.87,0.90,1.64*14	1770370190.654599
$GNGSA,A,3,81,78,79,80,82,88,69,,,,,,1.87,0.90,1.64*1D	1770370190.758502
$GPGSV,4,1,16,06,37,072,45,11,42,132,41,12,56,329,42,13,02,176,*70	1770370190.758555
$GPGSV,4,2,16,15,09,201,,17,03,046,,19,26,044,44,20,02,182,*76	1770370190.862482
$GPGSV,4,3,16,22,04,086,28,24,77,201,37,25,23,295,28,29,16,230,26*73	1770370190.966427
$GPGSV,4,4,16,32,09,315,34,36,50,201,30,40,44,148,,49,40,227,*71	1770370190.966479
$GLGSV,2,1,08,69,14,250,26,70,14,301,27,78,37,085,43,79,54,005,35*6F	1770370191.072353
$GLGSV,2,2,08,80,16,314,35,81,68,123,29,82,31,183,37,88,33,037,40*68	1770370191.174555
$GNGLL,3252.78572,N,03516.21240,E,092935.00,A,A*7E	1770370191.174606
$GNRMC,092936.00,A,3252.78558,N,03516.21155,E,2.158,261.43,060226,,,A*79	1770370191.486413
$GNVTG,261.43,T,,M,2.158,N,3.997,K,A*2B	1770370191.590410
$GNGGA,092936.00,3252.78558,N,03516.21155,E,1,12,0.85,269.8,M,18.9,M,,*4C	1770370191.590501
$GNGSA,A,3,24,06,12,19,11,25,,,,,,,1.71,0.85,1.49*16	1770370191.694402
$GNGSA,A,3,81,78,79,80,82,88,69,,,,,,1.71,0.85,1.49*1F	1770370191.694489
$GPGSV,5,1,17,06,37,072,45,11,42,132,42,12,56,329,41,13,02,176,*70	1770370191.798468
$GPGSV,5,2,17,15,09,201,,17,03,046,,19,26,044,46,20,02,182,*74	1770370191.902372
$GPGSV,5,3,17,22,04,086,33,24,77,201,28,25,23,295,28,29,16,230,24*75	1770370191.902427
$GPGSV,5,4,17,32,09,315,38,36,50,201,,40,44,148,,42,,,43*41	1770370192.006498
$GPGSV,5,5,17,49,40,227,*41	1770370192.006555
$GLGSV,2,1,08,69,14,250,25,70,14,301,26,78,37,085,41,79,54,005,34*6E	1770370192.110456
$GLGSV,2,2,08,80,16,314,38,81,68,123,33,82,31,183,33,88,33,037,40*6A	1770370192.214390
$GNGLL,3252.78558,N,03516.21155,E,092936.00,A,A*72	1770370192.214441
$GNRMC,092937.00,A,3252.78548,N,03516.21069,E,2.157,261.79,060226,,,A*71	1770370192.526447
$GNVTG,261.79,T,,M,2.157,N,3.995,K,A*2F	1770370192.526502
$GNGGA,092937.00,3252.78548,N,03516.21069,E,1,12,0.77,269.4,M,18.9,M,,*43	1770370192.630538
$GNGSA,A,3,24,06,12,19,11,29,25,,,,,,1.55,0.77,1.35*1D	1770370192.630595
$GNGSA,A,3,81,78,79,80,82,88,69,,,,,,1.55,0.77,1.35*1F	1770370192.734411
$GPGSV,5,1,17,06,37,072,45,11,42,132,42,12,56,329,38,13,02,176,*7E	1770370192.838498
$GPGSV,5,2,17,15,09,201,,17,03,046,,19,26,044,43,20,02,182,*71	1770370192.838553
$GPGSV,5,3,17,22,04,086,33,24,77,201,28,25,23,295,33,29,16,230,24*7F	1770370192.942413
$GPGSV,5,4,17,32,09,315,37,36,50,201,,40,44,148,,42,,,43*4E	1770370193.046430
$GPGSV,5,5,17,49,40,227,*41	1770370193.046522
$GLGSV,2,1,08,69,14,250,24,70,14,301,26,78,37,085,39,79,54,005,34*60	1770370193.150396
$GLGSV,2,2,08,80,16,314,37,81,68,123,31,82,31,183,25,88,33,037,40*60	1770370193.150448
$GNGLL,3252.78548,N,03516.21069,E,092937.00,A,A*7C	1770370193.254411
$GNRMC,092938.00,A,3252.78525,N,03516.21003,E,1.678,248.34,060226,,,A*72	1770370193.462433
$GNVTG,248.34,T,,M,1.678,N,3.107,K,A*27	1770370193.566411
$GNGGA,092938.00,3252.78525,N,03516.21003,E,1,12,0.77,269.0,M,18.9,M,,*4F	1770370193.670470
$GNGSA,A,3,24,06,12,19,11,29,25,,,,,,1.55,0.77,1.35*1D	1770370193.670525
$GNGSA,A,3,81,78,79,80,82,88,69,,,,,,1.55,0.77,1.35*1F	1770370193.774420
$GPGSV,5,1,17,06,37,072,45,11,42,132,42,12,56,329,41,13,02,176,*70	1770370193.774475
$GPGSV,5,2,17,15,09,201,,17,03,046,,19,26,044,45,20,02,182,*77	1770370193.878491
$GPGSV,5,3,17,22,04,086,33,24,77,201,30,25,23,295,34,29,16,230,23*76	1770370193.982461
$GPGSV,5,4,17,32,09,315,26,36,50,201,,40,44,148,,42,,,43*4E	1770370193.982552
$GPGSV,5,5,17,49,40,227,*41	1770370194.086451
$GLGSV,2,1,08,69,14,250,23,70,14,301,28,78,37,085,43,79,54,005,34*64	1770370194.086504
$GLGSV,2,2,08,80,16,314,37,81,68,123,30,82,31,183,25,88,33,037,42*63	1770370194.190622
$GNGLL,3252.78525,N,03516.21003,E,092938.00,A,A*74	1770370194.294390
$GNRMC,092939.00,A,3252.78497,N,03516.20960,E,1.361,239.79,060226,,,A*74	1770370194.502405
$GNVTG,239.79,T,,M,1.361,N,2.520,K,A*25	1770370194.502492
$GNGGA,092939.00,3252.78497,N,03516.20960,E,1,12,0.77,268.9,M,18.9,M,,*43	1770370194.606453
$GNGSA,A,3,24,06,12,19,11,29,25,,,,,,1.55,0.77,1.35*1D	1770370194.710453
$GNGSA,A,3,81,78,79,80,82,88,69,,,,,,1.55,0.77,1.35*1F	1770370194.710508
$GPGSV,5,1,17,06,37,072,45,11,42,132,40,12,56,329,39,13,02,176,*7D	1770370194.814473
$GPGSV,5,2,17,15,09,201,,17,03,046,,19,26,044,44,20,02,182,*76	1770370194.918480
$GPGSV,5,3,17,22,04,086,33,24,77,201,34,25,23,295,33,29,16,230,23*75	1770370194.918533
$GPGSV,5,4,17,32,09,315,33,36,50,201,,40,44,148,,42,,,39*47	1770370195.022400
$GPGSV,5,5,17,49,40,227,*41	1770370195.022456
$GLGSV,2,1,08,69,14,250,25,70,14,301,28,78,37,085,41,79,54,005,42*61	1770370195.126463
